Game,Home,Away,Period Scores,Playoffs,League,Date
Minnesota Lynx@Connecticut Sun,"{'homeShort': 'CONN', 'homeTeam': 'Connecticut Sun', 'homeStarters': [{'name': 'D. Bonner', 'Team': 'Connecticut Sun', 'Min': '37', 'FG': '10-22', '3PT': '2-8', 'FT': '9-9', 'OReb': '0', 'DReb': '5', 'Rebounds': '5', 'Assists': '2', 'Steals': '3', 'Blocked Shots': '1', 'Turnovers': '1', 'PF': '0', '+/-': '-3', 'Points': '31', '3-PT Made': '2', 'Pts+Asts': '33', 'Pts+Rebs': '36', 'Pts+Rebs+Asts': '38', 'Rebs+Asts': '7', 'Blks+Stls': '4', 'DNP': False, 'id': '869'}, {'name': 'A. Thomas', 'Team': 'Connecticut Sun', 'Min': '38', 'FG': '6-16', '3PT': '0-0', 'FT': '5-6', 'OReb': '4', 'DReb': '10', 'Rebounds': '14', 'Assists': '11', 'Steals': '2', 'Blocked Shots': '0', 'Turnovers': '6', 'PF': '1', '+/-': '-3', 'Points': '17', '3-PT Made': '0', 'Pts+Asts': '28', 'Pts+Rebs': '31', 'Pts+Rebs+Asts': '42', 'Rebs+Asts': '25', 'Blks+Stls': '2', 'DNP': False, 'id': '2529140'}, {'name': 'T. Hayes', 'Team': 'Connecticut Sun', 'Min': '19', 'FG': '1-4', '3PT': '0-1', 'FT': '1-2', 'OReb': '1', 'DReb': '3', 'Rebounds': '4', 'Assists': '2', 'Steals': '0', 'Blocked Shots': '0', 'Turnovers': '2', 'PF': '0', '+/-': '-3', 'Points': '3', '3-PT Made': '0', 'Pts+Asts': '5', 'Pts+Rebs': '7', 'Pts+Rebs+Asts': '9', 'Rebs+Asts': '6', 'Blks+Stls': '0', 'DNP': False, 'id': '1054'}, {'name': 'R. Allen', 'Team': 'Connecticut Sun', 'Min': '26', 'FG': '3-6', '3PT': '0-2', 'FT': '0-0', 'OReb': '1', 'DReb': '2', 'Rebounds': '3', 'Assists': '2', 'Steals': '2', 'Blocked Shots': '1', 'Turnovers': '0', 'PF': '2', '+/-': '-6', 'Points': '6', '3-PT Made': '0', 'Pts+Asts': '8', 'Pts+Rebs': '9', 'Pts+Rebs+Asts': '11', 'Rebs+Asts': '5', 'Blks+Stls': '3', 'DNP': False, 'id': '3102133'}, {'name': 'N. Hiedeman', 'Team': 'Connecticut Sun', 'Min': '36', 'FG': '3-8', '3PT': '1-4', 'FT': '2-2', 'OReb': '0', 'DReb': '0', 'Rebounds': '0', 'Assists': '2', 'Steals': '1', 'Blocked Shots': '0', 'Turnovers': '0', 'PF': '5', '+/-': '-1', 'Points': '9', '3-PT Made': '1', 'Pts+Asts': '11', 'Pts+Rebs': '9', 'Pts+Rebs+Asts': '11', 'Rebs+Asts': '2', 'Blks+Stls': '1', 'DNP': False, 'id': '3906753'}], 'homeBench': [{'name': 'O. Nelson-Ododa', 'Team': 'Connecticut Sun', 'Min': '17', 'FG': '1-2', '3PT': '0-0', 'FT': '4-4', 'OReb': '2', 'DReb': '2', 'Rebounds': '4', 'Assists': '0', 'Steals': '1', 'Blocked Shots': '3', 'Turnovers': '0', 'PF': '1', '+/-': '-1', 'Points': '6', '3-PT Made': '0', 'Pts+Asts': '6', 'Pts+Rebs': '10', 'Pts+Rebs+Asts': '10', 'Rebs+Asts': '4', 'Blks+Stls': '4', 'DNP': False, 'id': '4398966'}, {'name': 'T. Harris', 'Team': 'Connecticut Sun', 'Min': '4', 'FG': '0-2', '3PT': '0-0', 'FT': '0-0', 'OReb': '0', 'DReb': '0', 'Rebounds': '0', 'Assists': '0', 'Steals': '1', 'Blocked Shots': '0', 'Turnovers': '0', 'PF': '0', '+/-': '-3', 'Points': '0', '3-PT Made': '0', 'Pts+Asts': '0', 'Pts+Rebs': '0', 'Pts+Rebs+Asts': '0', 'Rebs+Asts': '0', 'Blks+Stls': '1', 'DNP': False, 'id': '4065760'}, {'name': 'D. Carrington', 'Team': 'Connecticut Sun', 'Min': '24', 'FG': '4-12', '3PT': '0-2', 'FT': '3-4', 'OReb': '3', 'DReb': '1', 'Rebounds': '4', 'Assists': '3', 'Steals': '0', 'Blocked Shots': '0', 'Turnovers': '1', 'PF': '5', '+/-': '0', 'Points': '11', '3-PT Made': '0', 'Pts+Asts': '14', 'Pts+Rebs': '15', 'Pts+Rebs+Asts': '18', 'Rebs+Asts': '7', 'Blks+Stls': '0', 'DNP': False, 'id': '4066548'}, {'name': 'B. Jones', 'Team': 'Connecticut Sun', 'Min': '0', 'FG': '0-0', '3PT': '0-0', 'FT': '0-0', 'OReb': '0', 'DReb': '0', 'Rebounds': '0', 'Assists': '0', 'Steals': '0', 'Blocked Shots': '0', 'Turnovers': '0', 'PF': '0', '+/-': '0', 'Points': '0', '3-PT Made': '0', 'Pts+Asts': '0', 'Pts+Rebs': '0', 'Pts+Rebs+Asts': '0', 'Rebs+Asts': '0', 'Blks+Stls': '0', 'DNP': True, 'id': '3058895'}, {'name': 'B. Hatar', 'Team': 'Connecticut Sun', 'Min': '0', 'FG': '0-0', '3PT': '0-0', 'FT': '0-0', 'OReb': '0', 'DReb': '0', 'Rebounds': '0', 'Assists': '0', 'Steals': '0', 'Blocked Shots': '0', 'Turnovers': '0', 'PF': '0', '+/-': '0', 'Points': '0', '3-PT Made': '0', 'Pts+Asts': '0', 'Pts+Rebs': '0', 'Pts+Rebs+Asts': '0', 'Rebs+Asts': '0', 'Blks+Stls': '0', 'DNP': True, 'id': '4634697'}, {'name': 'L. Brown', 'Team': 'Connecticut Sun', 'Min': '0', 'FG': '0-0', '3PT': '0-0', 'FT': '0-0', 'OReb': '0', 'DReb': '0', 'Rebounds': '0', 'Assists': '0', 'Steals': '0', 'Blocked Shots': '0', 'Turnovers': '0', 'PF': '0', '+/-': '0', 'Points': '0', '3-PT Made': '0', 'Pts+Asts': '0', 'Pts+Rebs': '0', 'Pts+Rebs+Asts': '0', 'Rebs+Asts': '0', 'Blks+Stls': '0', 'DNP': True, 'id': '4398928'}], 'players': [{'name': 'D. Bonner', 'Team': 'Connecticut Sun', 'Min': '37', 'FG': '10-22', '3PT': '2-8', 'FT': '9-9', 'OReb': '0', 'DReb': '5', 'Rebounds': '5', 'Assists': '2', 'Steals': '3', 'Blocked Shots': '1', 'Turnovers': '1', 'PF': '0', '+/-': '-3', 'Points': '31', '3-PT Made': '2', 'Pts+Asts': '33', 'Pts+Rebs': '36', 'Pts+Rebs+Asts': '38', 'Rebs+Asts': '7', 'Blks+Stls': '4', 'DNP': False, 'id': '869'}, {'name': 'A. Thomas', 'Team': 'Connecticut Sun', 'Min': '38', 'FG': '6-16', '3PT': '0-0', 'FT': '5-6', 'OReb': '4', 'DReb': '10', 'Rebounds': '14', 'Assists': '11', 'Steals': '2', 'Blocked Shots': '0', 'Turnovers': '6', 'PF': '1', '+/-': '-3', 'Points': '17', '3-PT Made': '0', 'Pts+Asts': '28', 'Pts+Rebs': '31', 'Pts+Rebs+Asts': '42', 'Rebs+Asts': '25', 'Blks+Stls': '2', 'DNP': False, 'id': '2529140'}, {'name': 'T. Hayes', 'Team': 'Connecticut Sun', 'Min': '19', 'FG': '1-4', '3PT': '0-1', 'FT': '1-2', 'OReb': '1', 'DReb': '3', 'Rebounds': '4', 'Assists': '2', 'Steals': '0', 'Blocked Shots': '0', 'Turnovers': '2', 'PF': '0', '+/-': '-3', 'Points': '3', '3-PT Made': '0', 'Pts+Asts': '5', 'Pts+Rebs': '7', 'Pts+Rebs+Asts': '9', 'Rebs+Asts': '6', 'Blks+Stls': '0', 'DNP': False, 'id': '1054'}, {'name': 'R. Allen', 'Team': 'Connecticut Sun', 'Min': '26', 'FG': '3-6', '3PT': '0-2', 'FT': '0-0', 'OReb': '1', 'DReb': '2', 'Rebounds': '3', 'Assists': '2', 'Steals': '2', 'Blocked Shots': '1', 'Turnovers': '0', 'PF': '2', '+/-': '-6', 'Points': '6', '3-PT Made': '0', 'Pts+Asts': '8', 'Pts+Rebs': '9', 'Pts+Rebs+Asts': '11', 'Rebs+Asts': '5', 'Blks+Stls': '3', 'DNP': False, 'id': '3102133'}, {'name': 'N. Hiedeman', 'Team': 'Connecticut Sun', 'Min': '36', 'FG': '3-8', '3PT': '1-4', 'FT': '2-2', 'OReb': '0', 'DReb': '0', 'Rebounds': '0', 'Assists': '2', 'Steals': '1', 'Blocked Shots': '0', 'Turnovers': '0', 'PF': '5', '+/-': '-1', 'Points': '9', '3-PT Made': '1', 'Pts+Asts': '11', 'Pts+Rebs': '9', 'Pts+Rebs+Asts': '11', 'Rebs+Asts': '2', 'Blks+Stls': '1', 'DNP': False, 'id': '3906753'}, {'name': 'O. Nelson-Ododa', 'Team': 'Connecticut Sun', 'Min': '17', 'FG': '1-2', '3PT': '0-0', 'FT': '4-4', 'OReb': '2', 'DReb': '2', 'Rebounds': '4', 'Assists': '0', 'Steals': '1', 'Blocked Shots': '3', 'Turnovers': '0', 'PF': '1', '+/-': '-1', 'Points': '6', '3-PT Made': '0', 'Pts+Asts': '6', 'Pts+Rebs': '10', 'Pts+Rebs+Asts': '10', 'Rebs+Asts': '4', 'Blks+Stls': '4', 'DNP': False, 'id': '4398966'}, {'name': 'T. Harris', 'Team': 'Connecticut Sun', 'Min': '4', 'FG': '0-2', '3PT': '0-0', 'FT': '0-0', 'OReb': '0', 'DReb': '0', 'Rebounds': '0', 'Assists': '0', 'Steals': '1', 'Blocked Shots': '0', 'Turnovers': '0', 'PF': '0', '+/-': '-3', 'Points': '0', '3-PT Made': '0', 'Pts+Asts': '0', 'Pts+Rebs': '0', 'Pts+Rebs+Asts': '0', 'Rebs+Asts': '0', 'Blks+Stls': '1', 'DNP': False, 'id': '4065760'}, {'name': 'D. Carrington', 'Team': 'Connecticut Sun', 'Min': '24', 'FG': '4-12', '3PT': '0-2', 'FT': '3-4', 'OReb': '3', 'DReb': '1', 'Rebounds': '4', 'Assists': '3', 'Steals': '0', 'Blocked Shots': '0', 'Turnovers': '1', 'PF': '5', '+/-': '0', 'Points': '11', '3-PT Made': '0', 'Pts+Asts': '14', 'Pts+Rebs': '15', 'Pts+Rebs+Asts': '18', 'Rebs+Asts': '7', 'Blks+Stls': '0', 'DNP': False, 'id': '4066548'}, {'name': 'B. Jones', 'Team': 'Connecticut Sun', 'Min': '0', 'FG': '0-0', '3PT': '0-0', 'FT': '0-0', 'OReb': '0', 'DReb': '0', 'Rebounds': '0', 'Assists': '0', 'Steals': '0', 'Blocked Shots': '0', 'Turnovers': '0', 'PF': '0', '+/-': '0', 'Points': '0', '3-PT Made': '0', 'Pts+Asts': '0', 'Pts+Rebs': '0', 'Pts+Rebs+Asts': '0', 'Rebs+Asts': '0', 'Blks+Stls': '0', 'DNP': True, 'id': '3058895'}, {'name': 'B. Hatar', 'Team': 'Connecticut Sun', 'Min': '0', 'FG': '0-0', '3PT': '0-0', 'FT': '0-0', 'OReb': '0', 'DReb': '0', 'Rebounds': '0', 'Assists': '0', 'Steals': '0', 'Blocked Shots': '0', 'Turnovers': '0', 'PF': '0', '+/-': '0', 'Points': '0', '3-PT Made': '0', 'Pts+Asts': '0', 'Pts+Rebs': '0', 'Pts+Rebs+Asts': '0', 'Rebs+Asts': '0', 'Blks+Stls': '0', 'DNP': True, 'id': '4634697'}, {'name': 'L. Brown', 'Team': 'Connecticut Sun', 'Min': '0', 'FG': '0-0', '3PT': '0-0', 'FT': '0-0', 'OReb': '0', 'DReb': '0', 'Rebounds': '0', 'Assists': '0', 'Steals': '0', 'Blocked Shots': '0', 'Turnovers': '0', 'PF': '0', '+/-': '0', 'Points': '0', '3-PT Made': '0', 'Pts+Asts': '0', 'Pts+Rebs': '0', 'Pts+Rebs+Asts': '0', 'Rebs+Asts': '0', 'Blks+Stls': '0', 'DNP': True, 'id': '4398928'}]}","{'awayShort': 'MIN', 'awayTeam': 'Minnesota Lynx', 'awayStarters': [{'name': 'D. Juhasz', 'Team': 'Minnesota Lynx', 'Min': '24', 'FG': '5-10', '3PT': '1-3', 'FT': '0-1', 'OReb': '2', 'DReb': '4', 'Rebounds': '6', 'Assists': '2', 'Steals': '1', 'Blocked Shots': '1', 'Turnovers': '3', 'PF': '3', '+/-': '-10', 'Points': '11', '3-PT Made': '1', 'Pts+Asts': '13', 'Pts+Rebs': '17', 'Pts+Rebs+Asts': '19', 'Rebs+Asts': '8', 'Blks+Stls': '2', 'DNP': False, 'id': '4398938'}, {'name': 'D. Miller', 'Team': 'Minnesota Lynx', 'Min': '19', 'FG': '2-7', '3PT': '0-3', 'FT': '3-3', 'OReb': '0', 'DReb': '0', 'Rebounds': '0', 'Assists': '2', 'Steals': '1', 'Blocked Shots': '0', 'Turnovers': '3', 'PF': '3', '+/-': '-2', 'Points': '7', '3-PT Made': '0', 'Pts+Asts': '9', 'Pts+Rebs': '7', 'Pts+Rebs+Asts': '9', 'Rebs+Asts': '2', 'Blks+Stls': '1', 'DNP': False, 'id': '4433635'}, {'name': 'N. Milic', 'Team': 'Minnesota Lynx', 'Min': '22', 'FG': '3-7', '3PT': '0-1', 'FT': '0-0', 'OReb': '0', 'DReb': '6', 'Rebounds': '6', 'Assists': '1', 'Steals': '0', 'Blocked Shots': '1', 'Turnovers': '2', 'PF': '4', '+/-': '+7', 'Points': '6', '3-PT Made': '0', 'Pts+Asts': '7', 'Pts+Rebs': '12', 'Pts+Rebs+Asts': '13', 'Rebs+Asts': '7', 'Blks+Stls': '1', 'DNP': False, 'id': '4874475'}, {'name': 'K. McBride', 'Team': 'Minnesota Lynx', 'Min': '33', 'FG': '7-10', '3PT': '4-7', 'FT': '1-2', 'OReb': '0', 'DReb': '0', 'Rebounds': '0', 'Assists': '3', 'Steals': '1', 'Blocked Shots': '0', 'Turnovers': '2', 'PF': '1', '+/-': '+5', 'Points': '19', '3-PT Made': '4', 'Pts+Asts': '22', 'Pts+Rebs': '19', 'Pts+Rebs+Asts': '22', 'Rebs+Asts': '3', 'Blks+Stls': '1', 'DNP': False, 'id': '2529205'}, {'name': 'L. Allen', 'Team': 'Minnesota Lynx', 'Min': '32', 'FG': '6-8', '3PT': '0-2', 'FT': '4-6', 'OReb': '0', 'DReb': '2', 'Rebounds': '2', 'Assists': '6', 'Steals': '2', 'Blocked Shots': '0', 'Turnovers': '3', 'PF': '4', '+/-': '+1', 'Points': '16', '3-PT Made': '0', 'Pts+Asts': '22', 'Pts+Rebs': '18', 'Pts+Rebs+Asts': '24', 'Rebs+Asts': '8', 'Blks+Stls': '2', 'DNP': False, 'id': '3058908'}], 'awayBench': [{'name': 'J. Shepard', 'Team': 'Minnesota Lynx', 'Min': '24', 'FG': '5-7', '3PT': '0-1', 'FT': '2-3', 'OReb': '1', 'DReb': '13', 'Rebounds': '14', 'Assists': '2', 'Steals': '0', 'Blocked Shots': '1', 'Turnovers': '1', 'PF': '3', '+/-': '0', 'Points': '12', '3-PT Made': '0', 'Pts+Asts': '14', 'Pts+Rebs': '26', 'Pts+Rebs+Asts': '28', 'Rebs+Asts': '16', 'Blks+Stls': '1', 'DNP': False, 'id': '3906949'}, {'name': 'B. Carleton', 'Team': 'Minnesota Lynx', 'Min': '10', 'FG': '0-1', '3PT': '0-1', 'FT': '0-0', 'OReb': '0', 'DReb': '1', 'Rebounds': '1', 'Assists': '2', 'Steals': '0', 'Blocked Shots': '0', 'Turnovers': '0', 'PF': '0', '+/-': '+11', 'Points': '0', '3-PT Made': '0', 'Pts+Asts': '2', 'Pts+Rebs': '1', 'Pts+Rebs+Asts': '3', 'Rebs+Asts': '3', 'Blks+Stls': '0', 'DNP': False, 'id': '3906972'}, {'name': 'T. Mitchell', 'Team': 'Minnesota Lynx', 'Min': '13', 'FG': '1-3', '3PT': '0-0', 'FT': '0-0', 'OReb': '0', 'DReb': '0', 'Rebounds': '0', 'Assists': '2', 'Steals': '1', 'Blocked Shots': '0', 'Turnovers': '1', 'PF': '0', '+/-': '+6', 'Points': '2', '3-PT Made': '0', 'Pts+Asts': '4', 'Pts+Rebs': '2', 'Pts+Rebs+Asts': '4', 'Rebs+Asts': '2', 'Blks+Stls': '1', 'DNP': False, 'id': '2984741'}, {'name': 'A. Powers', 'Team': 'Minnesota Lynx', 'Min': '23', 'FG': '6-8', '3PT': '1-1', 'FT': '1-1', 'OReb': '0', 'DReb': '2', 'Rebounds': '2', 'Assists': '3', 'Steals': '0', 'Blocked Shots': '1', 'Turnovers': '4', 'PF': '2', '+/-': '+2', 'Points': '14', '3-PT Made': '1', 'Pts+Asts': '17', 'Pts+Rebs': '16', 'Pts+Rebs+Asts': '19', 'Rebs+Asts': '5', 'Blks+Stls': '1', 'DNP': False, 'id': '2999035'}, {'name': 'N. Collier', 'Team': 'Minnesota Lynx', 'Min': '0', 'FG': '0-0', '3PT': '0-0', 'FT': '0-0', 'OReb': '0', 'DReb': '0', 'Rebounds': '0', 'Assists': '0', 'Steals': '0', 'Blocked Shots': '0', 'Turnovers': '0', 'PF': '0', '+/-': '0', 'Points': '0', '3-PT Made': '0', 'Pts+Asts': '0', 'Pts+Rebs': '0', 'Pts+Rebs+Asts': '0', 'Rebs+Asts': '0', 'Blks+Stls': '0', 'DNP': True, 'id': '3917450'}, {'name': 'E. Engstler', 'Team': 'Minnesota Lynx', 'Min': '0', 'FG': '0-0', '3PT': '0-0', 'FT': '0-0', 'OReb': '0', 'DReb': '0', 'Rebounds': '0', 'Assists': '0', 'Steals': '0', 'Blocked Shots': '0', 'Turnovers': '0', 'PF': '0', '+/-': '0', 'Points': '0', '3-PT Made': '0', 'Pts+Asts': '0', 'Pts+Rebs': '0', 'Pts+Rebs+Asts': '0', 'Rebs+Asts': '0', 'Blks+Stls': '0', 'DNP': True, 'id': '4398729'}, {'name': 'R. Banham', 'Team': 'Minnesota Lynx', 'Min': '0', 'FG': '0-0', '3PT': '0-0', 'FT': '0-0', 'OReb': '0', 'DReb': '0', 'Rebounds': '0', 'Assists': '0', 'Steals': '0', 'Blocked Shots': '0', 'Turnovers': '0', 'PF': '0', '+/-': '0', 'Points': '0', '3-PT Made': '0', 'Pts+Asts': '0', 'Pts+Rebs': '0', 'Pts+Rebs+Asts': '0', 'Rebs+Asts': '0', 'Blks+Stls': '0', 'DNP': True, 'id': '2566186'}], 'players': [{'name': 'D. Juhasz', 'Team': 'Minnesota Lynx', 'Min': '24', 'FG': '5-10', '3PT': '1-3', 'FT': '0-1', 'OReb': '2', 'DReb': '4', 'Rebounds': '6', 'Assists': '2', 'Steals': '1', 'Blocked Shots': '1', 'Turnovers': '3', 'PF': '3', '+/-': '-10', 'Points': '11', '3-PT Made': '1', 'Pts+Asts': '13', 'Pts+Rebs': '17', 'Pts+Rebs+Asts': '19', 'Rebs+Asts': '8', 'Blks+Stls': '2', 'DNP': False, 'id': '4398938'}, {'name': 'D. Miller', 'Team': 'Minnesota Lynx', 'Min': '19', 'FG': '2-7', '3PT': '0-3', 'FT': '3-3', 'OReb': '0', 'DReb': '0', 'Rebounds': '0', 'Assists': '2', 'Steals': '1', 'Blocked Shots': '0', 'Turnovers': '3', 'PF': '3', '+/-': '-2', 'Points': '7', '3-PT Made': '0', 'Pts+Asts': '9', 'Pts+Rebs': '7', 'Pts+Rebs+Asts': '9', 'Rebs+Asts': '2', 'Blks+Stls': '1', 'DNP': False, 'id': '4433635'}, {'name': 'N. Milic', 'Team': 'Minnesota Lynx', 'Min': '22', 'FG': '3-7', '3PT': '0-1', 'FT': '0-0', 'OReb': '0', 'DReb': '6', 'Rebounds': '6', 'Assists': '1', 'Steals': '0', 'Blocked Shots': '1', 'Turnovers': '2', 'PF': '4', '+/-': '+7', 'Points': '6', '3-PT Made': '0', 'Pts+Asts': '7', 'Pts+Rebs': '12', 'Pts+Rebs+Asts': '13', 'Rebs+Asts': '7', 'Blks+Stls': '1', 'DNP': False, 'id': '4874475'}, {'name': 'K. McBride', 'Team': 'Minnesota Lynx', 'Min': '33', 'FG': '7-10', '3PT': '4-7', 'FT': '1-2', 'OReb': '0', 'DReb': '0', 'Rebounds': '0', 'Assists': '3', 'Steals': '1', 'Blocked Shots': '0', 'Turnovers': '2', 'PF': '1', '+/-': '+5', 'Points': '19', '3-PT Made': '4', 'Pts+Asts': '22', 'Pts+Rebs': '19', 'Pts+Rebs+Asts': '22', 'Rebs+Asts': '3', 'Blks+Stls': '1', 'DNP': False, 'id': '2529205'}, {'name': 'L. Allen', 'Team': 'Minnesota Lynx', 'Min': '32', 'FG': '6-8', '3PT': '0-2', 'FT': '4-6', 'OReb': '0', 'DReb': '2', 'Rebounds': '2', 'Assists': '6', 'Steals': '2', 'Blocked Shots': '0', 'Turnovers': '3', 'PF': '4', '+/-': '+1', 'Points': '16', '3-PT Made': '0', 'Pts+Asts': '22', 'Pts+Rebs': '18', 'Pts+Rebs+Asts': '24', 'Rebs+Asts': '8', 'Blks+Stls': '2', 'DNP': False, 'id': '3058908'}, {'name': 'J. Shepard', 'Team': 'Minnesota Lynx', 'Min': '24', 'FG': '5-7', '3PT': '0-1', 'FT': '2-3', 'OReb': '1', 'DReb': '13', 'Rebounds': '14', 'Assists': '2', 'Steals': '0', 'Blocked Shots': '1', 'Turnovers': '1', 'PF': '3', '+/-': '0', 'Points': '12', '3-PT Made': '0', 'Pts+Asts': '14', 'Pts+Rebs': '26', 'Pts+Rebs+Asts': '28', 'Rebs+Asts': '16', 'Blks+Stls': '1', 'DNP': False, 'id': '3906949'}, {'name': 'B. Carleton', 'Team': 'Minnesota Lynx', 'Min': '10', 'FG': '0-1', '3PT': '0-1', 'FT': '0-0', 'OReb': '0', 'DReb': '1', 'Rebounds': '1', 'Assists': '2', 'Steals': '0', 'Blocked Shots': '0', 'Turnovers': '0', 'PF': '0', '+/-': '+11', 'Points': '0', '3-PT Made': '0', 'Pts+Asts': '2', 'Pts+Rebs': '1', 'Pts+Rebs+Asts': '3', 'Rebs+Asts': '3', 'Blks+Stls': '0', 'DNP': False, 'id': '3906972'}, {'name': 'T. Mitchell', 'Team': 'Minnesota Lynx', 'Min': '13', 'FG': '1-3', '3PT': '0-0', 'FT': '0-0', 'OReb': '0', 'DReb': '0', 'Rebounds': '0', 'Assists': '2', 'Steals': '1', 'Blocked Shots': '0', 'Turnovers': '1', 'PF': '0', '+/-': '+6', 'Points': '2', '3-PT Made': '0', 'Pts+Asts': '4', 'Pts+Rebs': '2', 'Pts+Rebs+Asts': '4', 'Rebs+Asts': '2', 'Blks+Stls': '1', 'DNP': False, 'id': '2984741'}, {'name': 'A. Powers', 'Team': 'Minnesota Lynx', 'Min': '23', 'FG': '6-8', '3PT': '1-1', 'FT': '1-1', 'OReb': '0', 'DReb': '2', 'Rebounds': '2', 'Assists': '3', 'Steals': '0', 'Blocked Shots': '1', 'Turnovers': '4', 'PF': '2', '+/-': '+2', 'Points': '14', '3-PT Made': '1', 'Pts+Asts': '17', 'Pts+Rebs': '16', 'Pts+Rebs+Asts': '19', 'Rebs+Asts': '5', 'Blks+Stls': '1', 'DNP': False, 'id': '2999035'}, {'name': 'N. Collier', 'Team': 'Minnesota Lynx', 'Min': '0', 'FG': '0-0', '3PT': '0-0', 'FT': '0-0', 'OReb': '0', 'DReb': '0', 'Rebounds': '0', 'Assists': '0', 'Steals': '0', 'Blocked Shots': '0', 'Turnovers': '0', 'PF': '0', '+/-': '0', 'Points': '0', '3-PT Made': '0', 'Pts+Asts': '0', 'Pts+Rebs': '0', 'Pts+Rebs+Asts': '0', 'Rebs+Asts': '0', 'Blks+Stls': '0', 'DNP': True, 'id': '3917450'}, {'name': 'E. Engstler', 'Team': 'Minnesota Lynx', 'Min': '0', 'FG': '0-0', '3PT': '0-0', 'FT': '0-0', 'OReb': '0', 'DReb': '0', 'Rebounds': '0', 'Assists': '0', 'Steals': '0', 'Blocked Shots': '0', 'Turnovers': '0', 'PF': '0', '+/-': '0', 'Points': '0', '3-PT Made': '0', 'Pts+Asts': '0', 'Pts+Rebs': '0', 'Pts+Rebs+Asts': '0', 'Rebs+Asts': '0', 'Blks+Stls': '0', 'DNP': True, 'id': '4398729'}, {'name': 'R. Banham', 'Team': 'Minnesota Lynx', 'Min': '0', 'FG': '0-0', '3PT': '0-0', 'FT': '0-0', 'OReb': '0', 'DReb': '0', 'Rebounds': '0', 'Assists': '0', 'Steals': '0', 'Blocked Shots': '0', 'Turnovers': '0', 'PF': '0', '+/-': '0', 'Points': '0', '3-PT Made': '0', 'Pts+Asts': '0', 'Pts+Rebs': '0', 'Pts+Rebs+Asts': '0', 'Rebs+Asts': '0', 'Blks+Stls': '0', 'DNP': True, 'id': '2566186'}]}","{'Away': ['23', '25', '20', '19'], 'Home': ['21', '23', '18', '21'], 'Labels': [1, 2, 3, 4]}",False,wnba,20230730
Washington Mystics@Atlanta Dream,"{'homeShort': 'ATL', 'homeTeam': 'Atlanta Dream', 'homeStarters': [{'name': 'Parker', 'Team': 'Atlanta Dream', 'Min': '26', 'FG': '4-11', '3PT': '0-0', 'FT': '3-4', 'OReb': '1', 'DReb': '2', 'Rebounds': '3', 'Assists': '3', 'Steals': '1', 'Blocked Shots': '2', 'Turnovers': '2', 'PF': '2', '+/-': '+6', 'Points': '11', '3-PT Made': '0', 'Pts+Asts': '14', 'Pts+Rebs': '14', 'Pts+Rebs+Asts': '17', 'Rebs+Asts': '6', 'Blks+Stls': '3', 'DNP': False, 'id': '2529458'}, {'name': 'N. Coffey', 'Team': 'Atlanta Dream', 'Min': '25', 'FG': '6-12', '3PT': '4-7', 'FT': '0-2', 'OReb': '0', 'DReb': '9', 'Rebounds': '9', 'Assists': '5', 'Steals': '0', 'Blocked Shots': '2', 'Turnovers': '1', 'PF': '2', '+/-': '+14', 'Points': '16', '3-PT Made': '4', 'Pts+Asts': '21', 'Pts+Rebs': '25', 'Pts+Rebs+Asts': '30', 'Rebs+Asts': '14', 'Blks+Stls': '2', 'DNP': False, 'id': '3054590'}, {'name': 'D. Robinson', 'Team': 'Atlanta Dream', 'Min': '8', 'FG': '0-1', '3PT': '0-0', 'FT': '0-0', 'OReb': '0', 'DReb': '0', 'Rebounds': '0', 'Assists': '2', 'Steals': '0', 'Blocked Shots': '0', 'Turnovers': '2', 'PF': '3', '+/-': '+4', 'Points': '0', '3-PT Made': '0', 'Pts+Asts': '2', 'Pts+Rebs': '0', 'Pts+Rebs+Asts': '2', 'Rebs+Asts': '2', 'Blks+Stls': '0', 'DNP': False, 'id': '1014'}, {'name': 'A. Gray', 'Team': 'Atlanta Dream', 'Min': '37', 'FG': '8-11', '3PT': '3-6', 'FT': '8-8', 'OReb': '1', 'DReb': '4', 'Rebounds': '5', 'Assists': '4', 'Steals': '1', 'Blocked Shots': '1', 'Turnovers': '6', 'PF': '0', '+/-': '+3', 'Points': '27', '3-PT Made': '3', 'Pts+Asts': '31', 'Pts+Rebs': '32', 'Pts+Rebs+Asts': '36', 'Rebs+Asts': '9', 'Blks+Stls': '2', 'DNP': False, 'id': '3058901'}, {'name': 'R. Howard', 'Team': 'Atlanta Dream', 'Min': '30', 'FG': '4-10', '3PT': '3-7', 'FT': '0-0', 'OReb': '0', 'DReb': '5', 'Rebounds': '5', 'Assists': '0', 'Steals': '5', 'Blocked Shots': '2', 'Turnovers': '5', 'PF': '3', '+/-': '+5', 'Points': '11', '3-PT Made': '3', 'Pts+Asts': '11', 'Pts+Rebs': '16', 'Pts+Rebs+Asts': '16', 'Rebs+Asts': '5', 'Blks+Stls': '7', 'DNP': False, 'id': '4398674'}], 'homeBench': [{'name': 'M. Billings', 'Team': 'Atlanta Dream', 'Min': '15', 'FG': '1-1', '3PT': '0-0', 'FT': '0-0', 'OReb': '0', 'DReb': '3', 'Rebounds': '3', 'Assists': '1', 'Steals': '0', 'Blocked Shots': '0', 'Turnovers': '1', 'PF': '3', '+/-': '-1', 'Points': '2', '3-PT Made': '0', 'Pts+Asts': '3', 'Pts+Rebs': '5', 'Pts+Rebs+Asts': '6', 'Rebs+Asts': '4', 'Blks+Stls': '0', 'DNP': False, 'id': '3142255'}, {'name': 'N. Hillmon', 'Team': 'Atlanta Dream', 'Min': '10', 'FG': '1-2', '3PT': '0-0', 'FT': '0-0', 'OReb': '0', 'DReb': '2', 'Rebounds': '2', 'Assists': '0', 'Steals': '0', 'Blocked Shots': '0', 'Turnovers': '0', 'PF': '1', '+/-': '-3', 'Points': '2', '3-PT Made': '0', 'Pts+Asts': '2', 'Pts+Rebs': '4', 'Pts+Rebs+Asts': '4', 'Rebs+Asts': '2', 'Blks+Stls': '0', 'DNP': False, 'id': '4398915'}, {'name': 'I. Rupert', 'Team': 'Atlanta Dream', 'Min': '7', 'FG': '0-0', '3PT': '0-0', 'FT': '0-0', 'OReb': '0', 'DReb': '2', 'Rebounds': '2', 'Assists': '0', 'Steals': '0', 'Blocked Shots': '0', 'Turnovers': '2', 'PF': '3', '+/-': '0', 'Points': '0', '3-PT Made': '0', 'Pts+Asts': '0', 'Pts+Rebs': '2', 'Pts+Rebs+Asts': '2', 'Rebs+Asts': '2', 'Blks+Stls': '0', 'DNP': False, 'id': '4790263'}, {'name': 'A. Durr', 'Team': 'Atlanta Dream', 'Min': '7', 'FG': '0-3', '3PT': '0-0', 'FT': '2-2', 'OReb': '0', 'DReb': '1', 'Rebounds': '1', 'Assists': '0', 'Steals': '0', 'Blocked Shots': '0', 'Turnovers': '0', 'PF': '1', '+/-': '-2', 'Points': '2', '3-PT Made': '0', 'Pts+Asts': '2', 'Pts+Rebs': '3', 'Pts+Rebs+Asts': '3', 'Rebs+Asts': '1', 'Blks+Stls': '0', 'DNP': False, 'id': '3904553'}, {'name': 'A. McDonald', 'Team': 'Atlanta Dream', 'Min': '24', 'FG': '2-5', '3PT': '0-3', 'FT': '3-3', 'OReb': '0', 'DReb': '2', 'Rebounds': '2', 'Assists': '5', 'Steals': '0', 'Blocked Shots': '0', 'Turnovers': '1', 'PF': '1', '+/-': '+2', 'Points': '7', '3-PT Made': '0', 'Pts+Asts': '12', 'Pts+Rebs': '9', 'Pts+Rebs+Asts': '14', 'Rebs+Asts': '7', 'Blks+Stls': '0', 'DNP': False, 'id': '4066553'}, {'name': 'H. Jones', 'Team': 'Atlanta Dream', 'Min': '9', 'FG': '1-2', '3PT': '0-0', 'FT': '0-0', 'OReb': '0', 'DReb': '1', 'Rebounds': '1', 'Assists': '1', 'Steals': '0', 'Blocked Shots': '0', 'Turnovers': '0', 'PF': '0', '+/-': '+7', 'Points': '2', '3-PT Made': '0', 'Pts+Asts': '3', 'Pts+Rebs': '3', 'Pts+Rebs+Asts': '4', 'Rebs+Asts': '2', 'Blks+Stls': '0', 'DNP': False, 'id': '4595910'}, {'name': 'L. Amihere', 'Team': 'Atlanta Dream', 'Min': '0', 'FG': '0-0', '3PT': '0-0', 'FT': '0-0', 'OReb': '0', 'DReb': '0', 'Rebounds': '0', 'Assists': '0', 'Steals': '0', 'Blocked Shots': '0', 'Turnovers': '0', 'PF': '0', '+/-': '0', 'Points': '0', '3-PT Made': '0', 'Pts+Asts': '0', 'Pts+Rebs': '0', 'Pts+Rebs+Asts': '0', 'Rebs+Asts': '0', 'Blks+Stls': '0', 'DNP': True, 'id': '4432834'}], 'players': [{'name': 'Parker', 'Team': 'Atlanta Dream', 'Min': '26', 'FG': '4-11', '3PT': '0-0', 'FT': '3-4', 'OReb': '1', 'DReb': '2', 'Rebounds': '3', 'Assists': '3', 'Steals': '1', 'Blocked Shots': '2', 'Turnovers': '2', 'PF': '2', '+/-': '+6', 'Points': '11', '3-PT Made': '0', 'Pts+Asts': '14', 'Pts+Rebs': '14', 'Pts+Rebs+Asts': '17', 'Rebs+Asts': '6', 'Blks+Stls': '3', 'DNP': False, 'id': '2529458'}, {'name': 'N. Coffey', 'Team': 'Atlanta Dream', 'Min': '25', 'FG': '6-12', '3PT': '4-7', 'FT': '0-2', 'OReb': '0', 'DReb': '9', 'Rebounds': '9', 'Assists': '5', 'Steals': '0', 'Blocked Shots': '2', 'Turnovers': '1', 'PF': '2', '+/-': '+14', 'Points': '16', '3-PT Made': '4', 'Pts+Asts': '21', 'Pts+Rebs': '25', 'Pts+Rebs+Asts': '30', 'Rebs+Asts': '14', 'Blks+Stls': '2', 'DNP': False, 'id': '3054590'}, {'name': 'D. Robinson', 'Team': 'Atlanta Dream', 'Min': '8', 'FG': '0-1', '3PT': '0-0', 'FT': '0-0', 'OReb': '0', 'DReb': '0', 'Rebounds': '0', 'Assists': '2', 'Steals': '0', 'Blocked Shots': '0', 'Turnovers': '2', 'PF': '3', '+/-': '+4', 'Points': '0', '3-PT Made': '0', 'Pts+Asts': '2', 'Pts+Rebs': '0', 'Pts+Rebs+Asts': '2', 'Rebs+Asts': '2', 'Blks+Stls': '0', 'DNP': False, 'id': '1014'}, {'name': 'A. Gray', 'Team': 'Atlanta Dream', 'Min': '37', 'FG': '8-11', '3PT': '3-6', 'FT': '8-8', 'OReb': '1', 'DReb': '4', 'Rebounds': '5', 'Assists': '4', 'Steals': '1', 'Blocked Shots': '1', 'Turnovers': '6', 'PF': '0', '+/-': '+3', 'Points': '27', '3-PT Made': '3', 'Pts+Asts': '31', 'Pts+Rebs': '32', 'Pts+Rebs+Asts': '36', 'Rebs+Asts': '9', 'Blks+Stls': '2', 'DNP': False, 'id': '3058901'}, {'name': 'R. Howard', 'Team': 'Atlanta Dream', 'Min': '30', 'FG': '4-10', '3PT': '3-7', 'FT': '0-0', 'OReb': '0', 'DReb': '5', 'Rebounds': '5', 'Assists': '0', 'Steals': '5', 'Blocked Shots': '2', 'Turnovers': '5', 'PF': '3', '+/-': '+5', 'Points': '11', '3-PT Made': '3', 'Pts+Asts': '11', 'Pts+Rebs': '16', 'Pts+Rebs+Asts': '16', 'Rebs+Asts': '5', 'Blks+Stls': '7', 'DNP': False, 'id': '4398674'}, {'name': 'M. Billings', 'Team': 'Atlanta Dream', 'Min': '15', 'FG': '1-1', '3PT': '0-0', 'FT': '0-0', 'OReb': '0', 'DReb': '3', 'Rebounds': '3', 'Assists': '1', 'Steals': '0', 'Blocked Shots': '0', 'Turnovers': '1', 'PF': '3', '+/-': '-1', 'Points': '2', '3-PT Made': '0', 'Pts+Asts': '3', 'Pts+Rebs': '5', 'Pts+Rebs+Asts': '6', 'Rebs+Asts': '4', 'Blks+Stls': '0', 'DNP': False, 'id': '3142255'}, {'name': 'N. Hillmon', 'Team': 'Atlanta Dream', 'Min': '10', 'FG': '1-2', '3PT': '0-0', 'FT': '0-0', 'OReb': '0', 'DReb': '2', 'Rebounds': '2', 'Assists': '0', 'Steals': '0', 'Blocked Shots': '0', 'Turnovers': '0', 'PF': '1', '+/-': '-3', 'Points': '2', '3-PT Made': '0', 'Pts+Asts': '2', 'Pts+Rebs': '4', 'Pts+Rebs+Asts': '4', 'Rebs+Asts': '2', 'Blks+Stls': '0', 'DNP': False, 'id': '4398915'}, {'name': 'I. Rupert', 'Team': 'Atlanta Dream', 'Min': '7', 'FG': '0-0', '3PT': '0-0', 'FT': '0-0', 'OReb': '0', 'DReb': '2', 'Rebounds': '2', 'Assists': '0', 'Steals': '0', 'Blocked Shots': '0', 'Turnovers': '2', 'PF': '3', '+/-': '0', 'Points': '0', '3-PT Made': '0', 'Pts+Asts': '0', 'Pts+Rebs': '2', 'Pts+Rebs+Asts': '2', 'Rebs+Asts': '2', 'Blks+Stls': '0', 'DNP': False, 'id': '4790263'}, {'name': 'A. Durr', 'Team': 'Atlanta Dream', 'Min': '7', 'FG': '0-3', '3PT': '0-0', 'FT': '2-2', 'OReb': '0', 'DReb': '1', 'Rebounds': '1', 'Assists': '0', 'Steals': '0', 'Blocked Shots': '0', 'Turnovers': '0', 'PF': '1', '+/-': '-2', 'Points': '2', '3-PT Made': '0', 'Pts+Asts': '2', 'Pts+Rebs': '3', 'Pts+Rebs+Asts': '3', 'Rebs+Asts': '1', 'Blks+Stls': '0', 'DNP': False, 'id': '3904553'}, {'name': 'A. McDonald', 'Team': 'Atlanta Dream', 'Min': '24', 'FG': '2-5', '3PT': '0-3', 'FT': '3-3', 'OReb': '0', 'DReb': '2', 'Rebounds': '2', 'Assists': '5', 'Steals': '0', 'Blocked Shots': '0', 'Turnovers': '1', 'PF': '1', '+/-': '+2', 'Points': '7', '3-PT Made': '0', 'Pts+Asts': '12', 'Pts+Rebs': '9', 'Pts+Rebs+Asts': '14', 'Rebs+Asts': '7', 'Blks+Stls': '0', 'DNP': False, 'id': '4066553'}, {'name': 'H. Jones', 'Team': 'Atlanta Dream', 'Min': '9', 'FG': '1-2', '3PT': '0-0', 'FT': '0-0', 'OReb': '0', 'DReb': '1', 'Rebounds': '1', 'Assists': '1', 'Steals': '0', 'Blocked Shots': '0', 'Turnovers': '0', 'PF': '0', '+/-': '+7', 'Points': '2', '3-PT Made': '0', 'Pts+Asts': '3', 'Pts+Rebs': '3', 'Pts+Rebs+Asts': '4', 'Rebs+Asts': '2', 'Blks+Stls': '0', 'DNP': False, 'id': '4595910'}, {'name': 'L. Amihere', 'Team': 'Atlanta Dream', 'Min': '0', 'FG': '0-0', '3PT': '0-0', 'FT': '0-0', 'OReb': '0', 'DReb': '0', 'Rebounds': '0', 'Assists': '0', 'Steals': '0', 'Blocked Shots': '0', 'Turnovers': '0', 'PF': '0', '+/-': '0', 'Points': '0', '3-PT Made': '0', 'Pts+Asts': '0', 'Pts+Rebs': '0', 'Pts+Rebs+Asts': '0', 'Rebs+Asts': '0', 'Blks+Stls': '0', 'DNP': True, 'id': '4432834'}]}","{'awayShort': 'WSH', 'awayTeam': 'Washington Mystics', 'awayStarters': [{'name': 'T. Hawkins', 'Team': 'Washington Mystics', 'Min': '32', 'FG': '5-12', '3PT': '1-3', 'FT': '6-7', 'OReb': '6', 'DReb': '4', 'Rebounds': '10', 'Assists': '2', 'Steals': '2', 'Blocked Shots': '0', 'Turnovers': '1', 'PF': '4', '+/-': '+1', 'Points': '17', '3-PT Made': '1', 'Pts+Asts': '19', 'Pts+Rebs': '27', 'Pts+Rebs+Asts': '29', 'Rebs+Asts': '12', 'Blks+Stls': '2', 'DNP': False, 'id': '2490514'}, {'name': 'M. Hines-Allen', 'Team': 'Washington Mystics', 'Min': '20', 'FG': '3-10', '3PT': '1-4', 'FT': '0-0', 'OReb': '1', 'DReb': '6', 'Rebounds': '7', 'Assists': '2', 'Steals': '0', 'Blocked Shots': '1', 'Turnovers': '2', 'PF': '4', '+/-': '-6', 'Points': '7', '3-PT Made': '1', 'Pts+Asts': '9', 'Pts+Rebs': '14', 'Pts+Rebs+Asts': '16', 'Rebs+Asts': '9', 'Blks+Stls': '1', 'DNP': False, 'id': '3142055'}, {'name': 'N. Cloud', 'Team': 'Washington Mystics', 'Min': '31', 'FG': '2-11', '3PT': '1-3', 'FT': '2-2', 'OReb': '0', 'DReb': '4', 'Rebounds': '4', 'Assists': '4', 'Steals': '2', 'Blocked Shots': '0', 'Turnovers': '2', 'PF': '4', '+/-': '-7', 'Points': '7', '3-PT Made': '1', 'Pts+Asts': '11', 'Pts+Rebs': '11', 'Pts+Rebs+Asts': '15', 'Rebs+Asts': '8', 'Blks+Stls': '2', 'DNP': False, 'id': '2529137'}, {'name': 'B. Sykes', 'Team': 'Washington Mystics', 'Min': '35', 'FG': '8-19', '3PT': '1-4', 'FT': '8-9', 'OReb': '1', 'DReb': '1', 'Rebounds': '2', 'Assists': '1', 'Steals': '6', 'Blocked Shots': '0', 'Turnovers': '2', 'PF': '3', '+/-': '+2', 'Points': '25', '3-PT Made': '1', 'Pts+Asts': '26', 'Pts+Rebs': '27', 'Pts+Rebs+Asts': '28', 'Rebs+Asts': '3', 'Blks+Stls': '6', 'DNP': False, 'id': '2988756'}, {'name': 'S. Walker-Kimbrough', 'Team': 'Washington Mystics', 'Min': '33', 'FG': '1-6', '3PT': '1-2', 'FT': '2-2', 'OReb': '0', 'DReb': '3', 'Rebounds': '3', 'Assists': '2', 'Steals': '2', 'Blocked Shots': '0', 'Turnovers': '3', 'PF': '0', '+/-': '-5', 'Points': '5', '3-PT Made': '1', 'Pts+Asts': '7', 'Pts+Rebs': '8', 'Pts+Rebs+Asts': '10', 'Rebs+Asts': '5', 'Blks+Stls': '2', 'DNP': False, 'id': '3058893'}], 'awayBench': [{'name': 'C. Goree', 'Team': 'Washington Mystics', 'Min': '9', 'FG': '1-4', '3PT': '0-1', 'FT': '0-0', 'OReb': '1', 'DReb': '0', 'Rebounds': '1', 'Assists': '0', 'Steals': '0', 'Blocked Shots': '0', 'Turnovers': '0', 'PF': '0', '+/-': '-6', 'Points': '2', '3-PT Made': '0', 'Pts+Asts': '2', 'Pts+Rebs': '3', 'Pts+Rebs+Asts': '3', 'Rebs+Asts': '1', 'Blks+Stls': '0', 'DNP': False, 'id': '2590356'}, {'name': 'Q. Egbo', 'Team': 'Washington Mystics', 'Min': '19', 'FG': '2-5', '3PT': '0-0', 'FT': '1-2', 'OReb': '1', 'DReb': '3', 'Rebounds': '4', 'Assists': '1', 'Steals': '1', 'Blocked Shots': '0', 'Turnovers': '1', 'PF': '5', '+/-': '-1', 'Points': '5', '3-PT Made': '0', 'Pts+Asts': '6', 'Pts+Rebs': '9', 'Pts+Rebs+Asts': '10', 'Rebs+Asts': '5', 'Blks+Stls': '1', 'DNP': False, 'id': '4398779'}, {'name': 'L. Harper', 'Team': 'Washington Mystics', 'Min': '3', 'FG': '1-1', '3PT': '1-1', 'FT': '0-0', 'OReb': '0', 'DReb': '0', 'Rebounds': '0', 'Assists': '0', 'Steals': '0', 'Blocked Shots': '0', 'Turnovers': '1', 'PF': '1', '+/-': '-7', 'Points': '3', '3-PT Made': '1', 'Pts+Asts': '3', 'Pts+Rebs': '3', 'Pts+Rebs+Asts': '3', 'Rebs+Asts': '0', 'Blks+Stls': '0', 'DNP': False, 'id': '3056639'}, {'name': 'L. Meng', 'Team': 'Washington Mystics', 'Min': '19', 'FG': '0-4', '3PT': '0-3', 'FT': '2-3', 'OReb': '1', 'DReb': '1', 'Rebounds': '2', 'Assists': '1', 'Steals': '0', 'Blocked Shots': '0', 'Turnovers': '2', 'PF': '1', '+/-': '-6', 'Points': '2', '3-PT Made': '0', 'Pts+Asts': '3', 'Pts+Rebs': '4', 'Pts+Rebs+Asts': '5', 'Rebs+Asts': '3', 'Blks+Stls': '0', 'DNP': False, 'id': '4422424'}, {'name': 'A. Meyers', 'Team': 'Washington Mystics', 'Min': '0', 'FG': '0-0', '3PT': '0-0', 'FT': '0-0', 'OReb': '0', 'DReb': '0', 'Rebounds': '0', 'Assists': '0', 'Steals': '0', 'Blocked Shots': '0', 'Turnovers': '0', 'PF': '0', '+/-': '0', 'Points': '0', '3-PT Made': '0', 'Pts+Asts': '0', 'Pts+Rebs': '0', 'Pts+Rebs+Asts': '0', 'Rebs+Asts': '0', 'Blks+Stls': '0', 'DNP': True, 'id': '4281402'}], 'players': [{'name': 'T. Hawkins', 'Team': 'Washington Mystics', 'Min': '32', 'FG': '5-12', '3PT': '1-3', 'FT': '6-7', 'OReb': '6', 'DReb': '4', 'Rebounds': '10', 'Assists': '2', 'Steals': '2', 'Blocked Shots': '0', 'Turnovers': '1', 'PF': '4', '+/-': '+1', 'Points': '17', '3-PT Made': '1', 'Pts+Asts': '19', 'Pts+Rebs': '27', 'Pts+Rebs+Asts': '29', 'Rebs+Asts': '12', 'Blks+Stls': '2', 'DNP': False, 'id': '2490514'}, {'name': 'M. Hines-Allen', 'Team': 'Washington Mystics', 'Min': '20', 'FG': '3-10', '3PT': '1-4', 'FT': '0-0', 'OReb': '1', 'DReb': '6', 'Rebounds': '7', 'Assists': '2', 'Steals': '0', 'Blocked Shots': '1', 'Turnovers': '2', 'PF': '4', '+/-': '-6', 'Points': '7', '3-PT Made': '1', 'Pts+Asts': '9', 'Pts+Rebs': '14', 'Pts+Rebs+Asts': '16', 'Rebs+Asts': '9', 'Blks+Stls': '1', 'DNP': False, 'id': '3142055'}, {'name': 'N. Cloud', 'Team': 'Washington Mystics', 'Min': '31', 'FG': '2-11', '3PT': '1-3', 'FT': '2-2', 'OReb': '0', 'DReb': '4', 'Rebounds': '4', 'Assists': '4', 'Steals': '2', 'Blocked Shots': '0', 'Turnovers': '2', 'PF': '4', '+/-': '-7', 'Points': '7', '3-PT Made': '1', 'Pts+Asts': '11', 'Pts+Rebs': '11', 'Pts+Rebs+Asts': '15', 'Rebs+Asts': '8', 'Blks+Stls': '2', 'DNP': False, 'id': '2529137'}, {'name': 'B. Sykes', 'Team': 'Washington Mystics', 'Min': '35', 'FG': '8-19', '3PT': '1-4', 'FT': '8-9', 'OReb': '1', 'DReb': '1', 'Rebounds': '2', 'Assists': '1', 'Steals': '6', 'Blocked Shots': '0', 'Turnovers': '2', 'PF': '3', '+/-': '+2', 'Points': '25', '3-PT Made': '1', 'Pts+Asts': '26', 'Pts+Rebs': '27', 'Pts+Rebs+Asts': '28', 'Rebs+Asts': '3', 'Blks+Stls': '6', 'DNP': False, 'id': '2988756'}, {'name': 'S. Walker-Kimbrough', 'Team': 'Washington Mystics', 'Min': '33', 'FG': '1-6', '3PT': '1-2', 'FT': '2-2', 'OReb': '0', 'DReb': '3', 'Rebounds': '3', 'Assists': '2', 'Steals': '2', 'Blocked Shots': '0', 'Turnovers': '3', 'PF': '0', '+/-': '-5', 'Points': '5', '3-PT Made': '1', 'Pts+Asts': '7', 'Pts+Rebs': '8', 'Pts+Rebs+Asts': '10', 'Rebs+Asts': '5', 'Blks+Stls': '2', 'DNP': False, 'id': '3058893'}, {'name': 'C. Goree', 'Team': 'Washington Mystics', 'Min': '9', 'FG': '1-4', '3PT': '0-1', 'FT': '0-0', 'OReb': '1', 'DReb': '0', 'Rebounds': '1', 'Assists': '0', 'Steals': '0', 'Blocked Shots': '0', 'Turnovers': '0', 'PF': '0', '+/-': '-6', 'Points': '2', '3-PT Made': '0', 'Pts+Asts': '2', 'Pts+Rebs': '3', 'Pts+Rebs+Asts': '3', 'Rebs+Asts': '1', 'Blks+Stls': '0', 'DNP': False, 'id': '2590356'}, {'name': 'Q. Egbo', 'Team': 'Washington Mystics', 'Min': '19', 'FG': '2-5', '3PT': '0-0', 'FT': '1-2', 'OReb': '1', 'DReb': '3', 'Rebounds': '4', 'Assists': '1', 'Steals': '1', 'Blocked Shots': '0', 'Turnovers': '1', 'PF': '5', '+/-': '-1', 'Points': '5', '3-PT Made': '0', 'Pts+Asts': '6', 'Pts+Rebs': '9', 'Pts+Rebs+Asts': '10', 'Rebs+Asts': '5', 'Blks+Stls': '1', 'DNP': False, 'id': '4398779'}, {'name': 'L. Harper', 'Team': 'Washington Mystics', 'Min': '3', 'FG': '1-1', '3PT': '1-1', 'FT': '0-0', 'OReb': '0', 'DReb': '0', 'Rebounds': '0', 'Assists': '0', 'Steals': '0', 'Blocked Shots': '0', 'Turnovers': '1', 'PF': '1', '+/-': '-7', 'Points': '3', '3-PT Made': '1', 'Pts+Asts': '3', 'Pts+Rebs': '3', 'Pts+Rebs+Asts': '3', 'Rebs+Asts': '0', 'Blks+Stls': '0', 'DNP': False, 'id': '3056639'}, {'name': 'L. Meng', 'Team': 'Washington Mystics', 'Min': '19', 'FG': '0-4', '3PT': '0-3', 'FT': '2-3', 'OReb': '1', 'DReb': '1', 'Rebounds': '2', 'Assists': '1', 'Steals': '0', 'Blocked Shots': '0', 'Turnovers': '2', 'PF': '1', '+/-': '-6', 'Points': '2', '3-PT Made': '0', 'Pts+Asts': '3', 'Pts+Rebs': '4', 'Pts+Rebs+Asts': '5', 'Rebs+Asts': '3', 'Blks+Stls': '0', 'DNP': False, 'id': '4422424'}, {'name': 'A. Meyers', 'Team': 'Washington Mystics', 'Min': '0', 'FG': '0-0', '3PT': '0-0', 'FT': '0-0', 'OReb': '0', 'DReb': '0', 'Rebounds': '0', 'Assists': '0', 'Steals': '0', 'Blocked Shots': '0', 'Turnovers': '0', 'PF': '0', '+/-': '0', 'Points': '0', '3-PT Made': '0', 'Pts+Asts': '0', 'Pts+Rebs': '0', 'Pts+Rebs+Asts': '0', 'Rebs+Asts': '0', 'Blks+Stls': '0', 'DNP': True, 'id': '4281402'}]}","{'Away': ['22', '19', '12', '20'], 'Home': ['20', '20', '16', '24'], 'Labels': [1, 2, 3, 4]}",False,wnba,20230730
Seattle Storm@Indiana Fever,"{'homeShort': 'IND', 'homeTeam': 'Indiana Fever', 'homeStarters': [{'name': 'A. Boston', 'Team': 'Indiana Fever', 'Min': '32', 'FG': '6-9', '3PT': '0-0', 'FT': '2-3', 'OReb': '4', 'DReb': '3', 'Rebounds': '7', 'Assists': '0', 'Steals': '2', 'Blocked Shots': '0', 'Turnovers': '2', 'PF': '1', '+/-': '-12', 'Points': '14', '3-PT Made': '0', 'Pts+Asts': '14', 'Pts+Rebs': '21', 'Pts+Rebs+Asts': '21', 'Rebs+Asts': '7', 'Blks+Stls': '2', 'DNP': False, 'id': '4432831'}, {'name': 'E. Wheeler', 'Team': 'Indiana Fever', 'Min': '23', 'FG': '4-10', '3PT': '0-3', 'FT': '1-1', 'OReb': '0', 'DReb': '1', 'Rebounds': '1', 'Assists': '5', 'Steals': '1', 'Blocked Shots': '0', 'Turnovers': '4', 'PF': '0', '+/-': '-2', 'Points': '9', '3-PT Made': '0', 'Pts+Asts': '14', 'Pts+Rebs': '10', 'Pts+Rebs+Asts': '15', 'Rebs+Asts': '6', 'Blks+Stls': '1', 'DNP': False, 'id': '2491214'}, {'name': 'K. Mitchell', 'Team': 'Indiana Fever', 'Min': '35', 'FG': '7-20', '3PT': '3-6', 'FT': '2-4', 'OReb': '1', 'DReb': '0', 'Rebounds': '1', 'Assists': '5', 'Steals': '1', 'Blocked Shots': '0', 'Turnovers': '1', 'PF': '1', '+/-': '-17', 'Points': '19', '3-PT Made': '3', 'Pts+Asts': '24', 'Pts+Rebs': '20', 'Pts+Rebs+Asts': '25', 'Rebs+Asts': '6', 'Blks+Stls': '1', 'DNP': False, 'id': '3142191'}, {'name': 'V. Vivians', 'Team': 'Indiana Fever', 'Min': '20', 'FG': '3-9', '3PT': '0-1', 'FT': '1-2', 'OReb': '1', 'DReb': '5', 'Rebounds': '6', 'Assists': '0', 'Steals': '1', 'Blocked Shots': '0', 'Turnovers': '0', 'PF': '0', '+/-': '-6', 'Points': '7', '3-PT Made': '0', 'Pts+Asts': '7', 'Pts+Rebs': '13', 'Pts+Rebs+Asts': '13', 'Rebs+Asts': '6', 'Blks+Stls': '1', 'DNP': False, 'id': '3142948'}, {'name': 'L. Hull', 'Team': 'Indiana Fever', 'Min': '34', 'FG': '0-4', '3PT': '0-3', 'FT': '0-0', 'OReb': '0', 'DReb': '2', 'Rebounds': '2', 'Assists': '4', 'Steals': '2', 'Blocked Shots': '1', 'Turnovers': '2', 'PF': '5', '+/-': '-13', 'Points': '0', '3-PT Made': '0', 'Pts+Asts': '4', 'Pts+Rebs': '2', 'Pts+Rebs+Asts': '6', 'Rebs+Asts': '6', 'Blks+Stls': '3', 'DNP': False, 'id': '4398829'}], 'homeBench': [{'name': 'E. Cannon', 'Team': 'Indiana Fever', 'Min': '13', 'FG': '1-2', '3PT': '0-0', 'FT': '2-2', 'OReb': '1', 'DReb': '4', 'Rebounds': '5', 'Assists': '1', 'Steals': '0', 'Blocked Shots': '0', 'Turnovers': '2', 'PF': '2', '+/-': '-11', 'Points': '4', '3-PT Made': '0', 'Pts+Asts': '5', 'Pts+Rebs': '9', 'Pts+Rebs+Asts': '10', 'Rebs+Asts': '6', 'Blks+Stls': '0', 'DNP': False, 'id': '2284331'}, {'name': 'V. Saxton', 'Team': 'Indiana Fever', 'Min': '10', 'FG': '2-4', '3PT': '1-1', 'FT': '0-0', 'OReb': '1', 'DReb': '0', 'Rebounds': '1', 'Assists': '0', 'Steals': '0', 'Blocked Shots': '0', 'Turnovers': '0', 'PF': '0', '+/-': '-8', 'Points': '5', '3-PT Made': '1', 'Pts+Asts': '5', 'Pts+Rebs': '6', 'Pts+Rebs+Asts': '6', 'Rebs+Asts': '1', 'Blks+Stls': '0', 'DNP': False, 'id': '4398752'}, {'name': 'A. Zahui B.', 'Team': 'Indiana Fever', 'Min': '5', 'FG': '1-2', '3PT': '0-0', 'FT': '0-0', 'OReb': '2', 'DReb': '0', 'Rebounds': '2', 'Assists': '0', 'Steals': '1', 'Blocked Shots': '1', 'Turnovers': '0', 'PF': '0', '+/-': '-9', 'Points': '2', '3-PT Made': '0', 'Pts+Asts': '2', 'Pts+Rebs': '4', 'Pts+Rebs+Asts': '4', 'Rebs+Asts': '2', 'Blks+Stls': '2', 'DNP': False, 'id': '3007473'}, {'name': 'K. Wallace', 'Team': 'Indiana Fever', 'Min': '13', 'FG': '1-5', '3PT': '0-2', 'FT': '0-0', 'OReb': '0', 'DReb': '2', 'Rebounds': '2', 'Assists': '2', 'Steals': '0', 'Blocked Shots': '0', 'Turnovers': '2', 'PF': '2', '+/-': '-18', 'Points': '2', '3-PT Made': '0', 'Pts+Asts': '4', 'Pts+Rebs': '4', 'Pts+Rebs+Asts': '6', 'Rebs+Asts': '4', 'Blks+Stls': '0', 'DNP': False, 'id': '3156318'}, {'name': 'M. Caldwell', 'Team': 'Indiana Fever', 'Min': '3', 'FG': '0-0', '3PT': '0-0', 'FT': '0-0', 'OReb': '0', 'DReb': '0', 'Rebounds': '0', 'Assists': '0', 'Steals': '0', 'Blocked Shots': '0', 'Turnovers': '1', 'PF': '0', '+/-': '-2', 'Points': '0', '3-PT Made': '0', 'Pts+Asts': '0', 'Pts+Rebs': '0', 'Pts+Rebs+Asts': '0', 'Rebs+Asts': '0', 'Blks+Stls': '0', 'DNP': False, 'id': '4280850'}, {'name': 'G. Berger', 'Team': 'Indiana Fever', 'Min': '13', 'FG': '0-1', '3PT': '0-0', 'FT': '0-0', 'OReb': '0', 'DReb': '0', 'Rebounds': '0', 'Assists': '0', 'Steals': '0', 'Blocked Shots': '0', 'Turnovers': '3', 'PF': '0', '+/-': '-17', 'Points': '0', '3-PT Made': '0', 'Pts+Asts': '0', 'Pts+Rebs': '0', 'Pts+Rebs+Asts': '0', 'Rebs+Asts': '0', 'Blks+Stls': '0', 'DNP': False, 'id': '4398899'}, {'name': 'N. Smith', 'Team': 'Indiana Fever', 'Min': '0', 'FG': '0-0', '3PT': '0-0', 'FT': '0-0', 'OReb': '0', 'DReb': '0', 'Rebounds': '0', 'Assists': '0', 'Steals': '0', 'Blocked Shots': '0', 'Turnovers': '0', 'PF': '0', '+/-': '0', 'Points': '0', '3-PT Made': '0', 'Pts+Asts': '0', 'Pts+Rebs': '0', 'Pts+Rebs+Asts': '0', 'Rebs+Asts': '0', 'Blks+Stls': '0', 'DNP': True, 'id': '4398776'}], 'players': [{'name': 'A. Boston', 'Team': 'Indiana Fever', 'Min': '32', 'FG': '6-9', '3PT': '0-0', 'FT': '2-3', 'OReb': '4', 'DReb': '3', 'Rebounds': '7', 'Assists': '0', 'Steals': '2', 'Blocked Shots': '0', 'Turnovers': '2', 'PF': '1', '+/-': '-12', 'Points': '14', '3-PT Made': '0', 'Pts+Asts': '14', 'Pts+Rebs': '21', 'Pts+Rebs+Asts': '21', 'Rebs+Asts': '7', 'Blks+Stls': '2', 'DNP': False, 'id': '4432831'}, {'name': 'E. Wheeler', 'Team': 'Indiana Fever', 'Min': '23', 'FG': '4-10', '3PT': '0-3', 'FT': '1-1', 'OReb': '0', 'DReb': '1', 'Rebounds': '1', 'Assists': '5', 'Steals': '1', 'Blocked Shots': '0', 'Turnovers': '4', 'PF': '0', '+/-': '-2', 'Points': '9', '3-PT Made': '0', 'Pts+Asts': '14', 'Pts+Rebs': '10', 'Pts+Rebs+Asts': '15', 'Rebs+Asts': '6', 'Blks+Stls': '1', 'DNP': False, 'id': '2491214'}, {'name': 'K. Mitchell', 'Team': 'Indiana Fever', 'Min': '35', 'FG': '7-20', '3PT': '3-6', 'FT': '2-4', 'OReb': '1', 'DReb': '0', 'Rebounds': '1', 'Assists': '5', 'Steals': '1', 'Blocked Shots': '0', 'Turnovers': '1', 'PF': '1', '+/-': '-17', 'Points': '19', '3-PT Made': '3', 'Pts+Asts': '24', 'Pts+Rebs': '20', 'Pts+Rebs+Asts': '25', 'Rebs+Asts': '6', 'Blks+Stls': '1', 'DNP': False, 'id': '3142191'}, {'name': 'V. Vivians', 'Team': 'Indiana Fever', 'Min': '20', 'FG': '3-9', '3PT': '0-1', 'FT': '1-2', 'OReb': '1', 'DReb': '5', 'Rebounds': '6', 'Assists': '0', 'Steals': '1', 'Blocked Shots': '0', 'Turnovers': '0', 'PF': '0', '+/-': '-6', 'Points': '7', '3-PT Made': '0', 'Pts+Asts': '7', 'Pts+Rebs': '13', 'Pts+Rebs+Asts': '13', 'Rebs+Asts': '6', 'Blks+Stls': '1', 'DNP': False, 'id': '3142948'}, {'name': 'L. Hull', 'Team': 'Indiana Fever', 'Min': '34', 'FG': '0-4', '3PT': '0-3', 'FT': '0-0', 'OReb': '0', 'DReb': '2', 'Rebounds': '2', 'Assists': '4', 'Steals': '2', 'Blocked Shots': '1', 'Turnovers': '2', 'PF': '5', '+/-': '-13', 'Points': '0', '3-PT Made': '0', 'Pts+Asts': '4', 'Pts+Rebs': '2', 'Pts+Rebs+Asts': '6', 'Rebs+Asts': '6', 'Blks+Stls': '3', 'DNP': False, 'id': '4398829'}, {'name': 'E. Cannon', 'Team': 'Indiana Fever', 'Min': '13', 'FG': '1-2', '3PT': '0-0', 'FT': '2-2', 'OReb': '1', 'DReb': '4', 'Rebounds': '5', 'Assists': '1', 'Steals': '0', 'Blocked Shots': '0', 'Turnovers': '2', 'PF': '2', '+/-': '-11', 'Points': '4', '3-PT Made': '0', 'Pts+Asts': '5', 'Pts+Rebs': '9', 'Pts+Rebs+Asts': '10', 'Rebs+Asts': '6', 'Blks+Stls': '0', 'DNP': False, 'id': '2284331'}, {'name': 'V. Saxton', 'Team': 'Indiana Fever', 'Min': '10', 'FG': '2-4', '3PT': '1-1', 'FT': '0-0', 'OReb': '1', 'DReb': '0', 'Rebounds': '1', 'Assists': '0', 'Steals': '0', 'Blocked Shots': '0', 'Turnovers': '0', 'PF': '0', '+/-': '-8', 'Points': '5', '3-PT Made': '1', 'Pts+Asts': '5', 'Pts+Rebs': '6', 'Pts+Rebs+Asts': '6', 'Rebs+Asts': '1', 'Blks+Stls': '0', 'DNP': False, 'id': '4398752'}, {'name': 'A. Zahui B.', 'Team': 'Indiana Fever', 'Min': '5', 'FG': '1-2', '3PT': '0-0', 'FT': '0-0', 'OReb': '2', 'DReb': '0', 'Rebounds': '2', 'Assists': '0', 'Steals': '1', 'Blocked Shots': '1', 'Turnovers': '0', 'PF': '0', '+/-': '-9', 'Points': '2', '3-PT Made': '0', 'Pts+Asts': '2', 'Pts+Rebs': '4', 'Pts+Rebs+Asts': '4', 'Rebs+Asts': '2', 'Blks+Stls': '2', 'DNP': False, 'id': '3007473'}, {'name': 'K. Wallace', 'Team': 'Indiana Fever', 'Min': '13', 'FG': '1-5', '3PT': '0-2', 'FT': '0-0', 'OReb': '0', 'DReb': '2', 'Rebounds': '2', 'Assists': '2', 'Steals': '0', 'Blocked Shots': '0', 'Turnovers': '2', 'PF': '2', '+/-': '-18', 'Points': '2', '3-PT Made': '0', 'Pts+Asts': '4', 'Pts+Rebs': '4', 'Pts+Rebs+Asts': '6', 'Rebs+Asts': '4', 'Blks+Stls': '0', 'DNP': False, 'id': '3156318'}, {'name': 'M. Caldwell', 'Team': 'Indiana Fever', 'Min': '3', 'FG': '0-0', '3PT': '0-0', 'FT': '0-0', 'OReb': '0', 'DReb': '0', 'Rebounds': '0', 'Assists': '0', 'Steals': '0', 'Blocked Shots': '0', 'Turnovers': '1', 'PF': '0', '+/-': '-2', 'Points': '0', '3-PT Made': '0', 'Pts+Asts': '0', 'Pts+Rebs': '0', 'Pts+Rebs+Asts': '0', 'Rebs+Asts': '0', 'Blks+Stls': '0', 'DNP': False, 'id': '4280850'}, {'name': 'G. Berger', 'Team': 'Indiana Fever', 'Min': '13', 'FG': '0-1', '3PT': '0-0', 'FT': '0-0', 'OReb': '0', 'DReb': '0', 'Rebounds': '0', 'Assists': '0', 'Steals': '0', 'Blocked Shots': '0', 'Turnovers': '3', 'PF': '0', '+/-': '-17', 'Points': '0', '3-PT Made': '0', 'Pts+Asts': '0', 'Pts+Rebs': '0', 'Pts+Rebs+Asts': '0', 'Rebs+Asts': '0', 'Blks+Stls': '0', 'DNP': False, 'id': '4398899'}, {'name': 'N. Smith', 'Team': 'Indiana Fever', 'Min': '0', 'FG': '0-0', '3PT': '0-0', 'FT': '0-0', 'OReb': '0', 'DReb': '0', 'Rebounds': '0', 'Assists': '0', 'Steals': '0', 'Blocked Shots': '0', 'Turnovers': '0', 'PF': '0', '+/-': '0', 'Points': '0', '3-PT Made': '0', 'Pts+Asts': '0', 'Pts+Rebs': '0', 'Pts+Rebs+Asts': '0', 'Rebs+Asts': '0', 'Blks+Stls': '0', 'DNP': True, 'id': '4398776'}]}","{'awayShort': 'SEA', 'awayTeam': 'Seattle Storm', 'awayStarters': [{'name': 'G. Williams', 'Team': 'Seattle Storm', 'Min': '33', 'FG': '6-11', '3PT': '2-4', 'FT': '0-0', 'OReb': '1', 'DReb': '1', 'Rebounds': '2', 'Assists': '4', 'Steals': '3', 'Blocked Shots': '0', 'Turnovers': '4', 'PF': '3', '+/-': '+17', 'Points': '14', '3-PT Made': '2', 'Pts+Asts': '18', 'Pts+Rebs': '16', 'Pts+Rebs+Asts': '20', 'Rebs+Asts': '6', 'Blks+Stls': '3', 'DNP': False, 'id': '3142328'}, {'name': 'E. Magbegor', 'Team': 'Seattle Storm', 'Min': '29', 'FG': '2-4', '3PT': '0-0', 'FT': '2-4', 'OReb': '0', 'DReb': '3', 'Rebounds': '3', 'Assists': '1', 'Steals': '2', 'Blocked Shots': '4', 'Turnovers': '1', 'PF': '4', '+/-': '+11', 'Points': '6', '3-PT Made': '0', 'Pts+Asts': '7', 'Pts+Rebs': '9', 'Pts+Rebs+Asts': '10', 'Rebs+Asts': '4', 'Blks+Stls': '6', 'DNP': False, 'id': '4420318'}, {'name': 'D. Fankam Mendjiadeu', 'Team': 'Seattle Storm', 'Min': '12', 'FG': '0-0', '3PT': '0-0', 'FT': '0-0', 'OReb': '0', 'DReb': '1', 'Rebounds': '1', 'Assists': '0', 'Steals': '0', 'Blocked Shots': '0', 'Turnovers': '0', 'PF': '3', '+/-': '-1', 'Points': '0', '3-PT Made': '0', 'Pts+Asts': '0', 'Pts+Rebs': '1', 'Pts+Rebs+Asts': '1', 'Rebs+Asts': '1', 'Blks+Stls': '0', 'DNP': False, 'id': '4594527'}, {'name': 'S. Whitcomb', 'Team': 'Seattle Storm', 'Min': '23', 'FG': '3-7', '3PT': '3-7', 'FT': '0-0', 'OReb': '0', 'DReb': '4', 'Rebounds': '4', 'Assists': '6', 'Steals': '0', 'Blocked Shots': '1', 'Turnovers': '1', 'PF': '5', '+/-': '+24', 'Points': '9', '3-PT Made': '3', 'Pts+Asts': '15', 'Pts+Rebs': '13', 'Pts+Rebs+Asts': '19', 'Rebs+Asts': '10', 'Blks+Stls': '1', 'DNP': False, 'id': '887'}, {'name': 'J. Loyd', 'Team': 'Seattle Storm', 'Min': '34', 'FG': '7-15', '3PT': '3-6', 'FT': '9-9', 'OReb': '2', 'DReb': '2', 'Rebounds': '4', 'Assists': '8', 'Steals': '2', 'Blocked Shots': '0', 'Turnovers': '5', 'PF': '1', '+/-': '+14', 'Points': '26', '3-PT Made': '3', 'Pts+Asts': '34', 'Pts+Rebs': '30', 'Pts+Rebs+Asts': '38', 'Rebs+Asts': '12', 'Blks+Stls': '2', 'DNP': False, 'id': '2987869'}], 'awayBench': [{'name': 'J. Holmes', 'Team': 'Seattle Storm', 'Min': '3', 'FG': '1-2', '3PT': '1-2', 'FT': '0-0', 'OReb': '0', 'DReb': '0', 'Rebounds': '0', 'Assists': '0', 'Steals': '0', 'Blocked Shots': '0', 'Turnovers': '0', 'PF': '0', '+/-': '-1', 'Points': '3', '3-PT Made': '1', 'Pts+Asts': '3', 'Pts+Rebs': '3', 'Pts+Rebs+Asts': '3', 'Rebs+Asts': '0', 'Blks+Stls': '0', 'DNP': False, 'id': '4068161'}, {'name': 'M. Russell', 'Team': 'Seattle Storm', 'Min': '18', 'FG': '3-3', '3PT': '0-0', 'FT': '0-0', 'OReb': '0', 'DReb': '4', 'Rebounds': '4', 'Assists': '0', 'Steals': '1', 'Blocked Shots': '0', 'Turnovers': '2', 'PF': '2', '+/-': '+14', 'Points': '6', '3-PT Made': '0', 'Pts+Asts': '6', 'Pts+Rebs': '10', 'Pts+Rebs+Asts': '10', 'Rebs+Asts': '4', 'Blks+Stls': '1', 'DNP': False, 'id': '3056672'}, {'name': 'Y. Turner', 'Team': 'Seattle Storm', 'Min': '2', 'FG': '0-0', '3PT': '0-0', 'FT': '0-0', 'OReb': '0', 'DReb': '0', 'Rebounds': '0', 'Assists': '1', 'Steals': '0', 'Blocked Shots': '0', 'Turnovers': '0', 'PF': '0', '+/-': '0', 'Points': '0', '3-PT Made': '0', 'Pts+Asts': '1', 'Pts+Rebs': '0', 'Pts+Rebs+Asts': '1', 'Rebs+Asts': '1', 'Blks+Stls': '0', 'DNP': False, 'id': '2235933'}, {'name': 'K. Nurse', 'Team': 'Seattle Storm', 'Min': '14', 'FG': '1-4', '3PT': '1-2', 'FT': '0-0', 'OReb': '0', 'DReb': '3', 'Rebounds': '3', 'Assists': '0', 'Steals': '0', 'Blocked Shots': '0', 'Turnovers': '0', 'PF': '1', '+/-': '+23', 'Points': '3', '3-PT Made': '1', 'Pts+Asts': '3', 'Pts+Rebs': '6', 'Pts+Rebs+Asts': '6', 'Rebs+Asts': '3', 'Blks+Stls': '0', 'DNP': False, 'id': '3142327'}, {'name': 'J. Horston', 'Team': 'Seattle Storm', 'Min': '26', 'FG': '7-11', '3PT': '1-2', 'FT': '0-0', 'OReb': '1', 'DReb': '5', 'Rebounds': '6', 'Assists': '2', 'Steals': '2', 'Blocked Shots': '0', 'Turnovers': '4', 'PF': '0', '+/-': '+14', 'Points': '15', '3-PT Made': '1', 'Pts+Asts': '17', 'Pts+Rebs': '21', 'Pts+Rebs+Asts': '23', 'Rebs+Asts': '8', 'Blks+Stls': '2', 'DNP': False, 'id': '4432830'}, {'name': 'J. Melbourne', 'Team': 'Seattle Storm', 'Min': '2', 'FG': '1-1', '3PT': '1-1', 'FT': '0-0', 'OReb': '1', 'DReb': '0', 'Rebounds': '1', 'Assists': '0', 'Steals': '0', 'Blocked Shots': '0', 'Turnovers': '0', 'PF': '0', '+/-': '0', 'Points': '3', '3-PT Made': '1', 'Pts+Asts': '3', 'Pts+Rebs': '4', 'Pts+Rebs+Asts': '4', 'Rebs+Asts': '1', 'Blks+Stls': '0', 'DNP': False, 'id': '5017726'}, {'name': 'I. Dojkic', 'Team': 'Seattle Storm', 'Min': '2', 'FG': '0-0', '3PT': '0-0', 'FT': '0-0', 'OReb': '0', 'DReb': '0', 'Rebounds': '0', 'Assists': '1', 'Steals': '1', 'Blocked Shots': '0', 'Turnovers': '0', 'PF': '0', '+/-': '0', 'Points': '0', '3-PT Made': '0', 'Pts+Asts': '1', 'Pts+Rebs': '0', 'Pts+Rebs+Asts': '1', 'Rebs+Asts': '1', 'Blks+Stls': '1', 'DNP': False, 'id': '5130672'}], 'players': [{'name': 'G. Williams', 'Team': 'Seattle Storm', 'Min': '33', 'FG': '6-11', '3PT': '2-4', 'FT': '0-0', 'OReb': '1', 'DReb': '1', 'Rebounds': '2', 'Assists': '4', 'Steals': '3', 'Blocked Shots': '0', 'Turnovers': '4', 'PF': '3', '+/-': '+17', 'Points': '14', '3-PT Made': '2', 'Pts+Asts': '18', 'Pts+Rebs': '16', 'Pts+Rebs+Asts': '20', 'Rebs+Asts': '6', 'Blks+Stls': '3', 'DNP': False, 'id': '3142328'}, {'name': 'E. Magbegor', 'Team': 'Seattle Storm', 'Min': '29', 'FG': '2-4', '3PT': '0-0', 'FT': '2-4', 'OReb': '0', 'DReb': '3', 'Rebounds': '3', 'Assists': '1', 'Steals': '2', 'Blocked Shots': '4', 'Turnovers': '1', 'PF': '4', '+/-': '+11', 'Points': '6', '3-PT Made': '0', 'Pts+Asts': '7', 'Pts+Rebs': '9', 'Pts+Rebs+Asts': '10', 'Rebs+Asts': '4', 'Blks+Stls': '6', 'DNP': False, 'id': '4420318'}, {'name': 'D. Fankam Mendjiadeu', 'Team': 'Seattle Storm', 'Min': '12', 'FG': '0-0', '3PT': '0-0', 'FT': '0-0', 'OReb': '0', 'DReb': '1', 'Rebounds': '1', 'Assists': '0', 'Steals': '0', 'Blocked Shots': '0', 'Turnovers': '0', 'PF': '3', '+/-': '-1', 'Points': '0', '3-PT Made': '0', 'Pts+Asts': '0', 'Pts+Rebs': '1', 'Pts+Rebs+Asts': '1', 'Rebs+Asts': '1', 'Blks+Stls': '0', 'DNP': False, 'id': '4594527'}, {'name': 'S. Whitcomb', 'Team': 'Seattle Storm', 'Min': '23', 'FG': '3-7', '3PT': '3-7', 'FT': '0-0', 'OReb': '0', 'DReb': '4', 'Rebounds': '4', 'Assists': '6', 'Steals': '0', 'Blocked Shots': '1', 'Turnovers': '1', 'PF': '5', '+/-': '+24', 'Points': '9', '3-PT Made': '3', 'Pts+Asts': '15', 'Pts+Rebs': '13', 'Pts+Rebs+Asts': '19', 'Rebs+Asts': '10', 'Blks+Stls': '1', 'DNP': False, 'id': '887'}, {'name': 'J. Loyd', 'Team': 'Seattle Storm', 'Min': '34', 'FG': '7-15', '3PT': '3-6', 'FT': '9-9', 'OReb': '2', 'DReb': '2', 'Rebounds': '4', 'Assists': '8', 'Steals': '2', 'Blocked Shots': '0', 'Turnovers': '5', 'PF': '1', '+/-': '+14', 'Points': '26', '3-PT Made': '3', 'Pts+Asts': '34', 'Pts+Rebs': '30', 'Pts+Rebs+Asts': '38', 'Rebs+Asts': '12', 'Blks+Stls': '2', 'DNP': False, 'id': '2987869'}, {'name': 'J. Holmes', 'Team': 'Seattle Storm', 'Min': '3', 'FG': '1-2', '3PT': '1-2', 'FT': '0-0', 'OReb': '0', 'DReb': '0', 'Rebounds': '0', 'Assists': '0', 'Steals': '0', 'Blocked Shots': '0', 'Turnovers': '0', 'PF': '0', '+/-': '-1', 'Points': '3', '3-PT Made': '1', 'Pts+Asts': '3', 'Pts+Rebs': '3', 'Pts+Rebs+Asts': '3', 'Rebs+Asts': '0', 'Blks+Stls': '0', 'DNP': False, 'id': '4068161'}, {'name': 'M. Russell', 'Team': 'Seattle Storm', 'Min': '18', 'FG': '3-3', '3PT': '0-0', 'FT': '0-0', 'OReb': '0', 'DReb': '4', 'Rebounds': '4', 'Assists': '0', 'Steals': '1', 'Blocked Shots': '0', 'Turnovers': '2', 'PF': '2', '+/-': '+14', 'Points': '6', '3-PT Made': '0', 'Pts+Asts': '6', 'Pts+Rebs': '10', 'Pts+Rebs+Asts': '10', 'Rebs+Asts': '4', 'Blks+Stls': '1', 'DNP': False, 'id': '3056672'}, {'name': 'Y. Turner', 'Team': 'Seattle Storm', 'Min': '2', 'FG': '0-0', '3PT': '0-0', 'FT': '0-0', 'OReb': '0', 'DReb': '0', 'Rebounds': '0', 'Assists': '1', 'Steals': '0', 'Blocked Shots': '0', 'Turnovers': '0', 'PF': '0', '+/-': '0', 'Points': '0', '3-PT Made': '0', 'Pts+Asts': '1', 'Pts+Rebs': '0', 'Pts+Rebs+Asts': '1', 'Rebs+Asts': '1', 'Blks+Stls': '0', 'DNP': False, 'id': '2235933'}, {'name': 'K. Nurse', 'Team': 'Seattle Storm', 'Min': '14', 'FG': '1-4', '3PT': '1-2', 'FT': '0-0', 'OReb': '0', 'DReb': '3', 'Rebounds': '3', 'Assists': '0', 'Steals': '0', 'Blocked Shots': '0', 'Turnovers': '0', 'PF': '1', '+/-': '+23', 'Points': '3', '3-PT Made': '1', 'Pts+Asts': '3', 'Pts+Rebs': '6', 'Pts+Rebs+Asts': '6', 'Rebs+Asts': '3', 'Blks+Stls': '0', 'DNP': False, 'id': '3142327'}, {'name': 'J. Horston', 'Team': 'Seattle Storm', 'Min': '26', 'FG': '7-11', '3PT': '1-2', 'FT': '0-0', 'OReb': '1', 'DReb': '5', 'Rebounds': '6', 'Assists': '2', 'Steals': '2', 'Blocked Shots': '0', 'Turnovers': '4', 'PF': '0', '+/-': '+14', 'Points': '15', '3-PT Made': '1', 'Pts+Asts': '17', 'Pts+Rebs': '21', 'Pts+Rebs+Asts': '23', 'Rebs+Asts': '8', 'Blks+Stls': '2', 'DNP': False, 'id': '4432830'}, {'name': 'J. Melbourne', 'Team': 'Seattle Storm', 'Min': '2', 'FG': '1-1', '3PT': '1-1', 'FT': '0-0', 'OReb': '1', 'DReb': '0', 'Rebounds': '1', 'Assists': '0', 'Steals': '0', 'Blocked Shots': '0', 'Turnovers': '0', 'PF': '0', '+/-': '0', 'Points': '3', '3-PT Made': '1', 'Pts+Asts': '3', 'Pts+Rebs': '4', 'Pts+Rebs+Asts': '4', 'Rebs+Asts': '1', 'Blks+Stls': '0', 'DNP': False, 'id': '5017726'}, {'name': 'I. Dojkic', 'Team': 'Seattle Storm', 'Min': '2', 'FG': '0-0', '3PT': '0-0', 'FT': '0-0', 'OReb': '0', 'DReb': '0', 'Rebounds': '0', 'Assists': '1', 'Steals': '1', 'Blocked Shots': '0', 'Turnovers': '0', 'PF': '0', '+/-': '0', 'Points': '0', '3-PT Made': '0', 'Pts+Asts': '1', 'Pts+Rebs': '0', 'Pts+Rebs+Asts': '1', 'Rebs+Asts': '1', 'Blks+Stls': '1', 'DNP': False, 'id': '5130672'}]}","{'Away': ['24', '23', '15', '23'], 'Home': ['17', '10', '24', '11'], 'Labels': [1, 2, 3, 4]}",False,wnba,20230730
Phoenix Mercury@Chicago Sky,"{'homeShort': 'CHI', 'homeTeam': 'Chicago Sky', 'homeStarters': [{'name': 'A. Smith', 'Team': 'Chicago Sky', 'Min': '27', 'FG': '3-8', '3PT': '1-1', 'FT': '3-3', 'OReb': '1', 'DReb': '3', 'Rebounds': '4', 'Assists': '1', 'Steals': '1', 'Blocked Shots': '3', 'Turnovers': '2', 'PF': '2', '+/-': '+19', 'Points': '10', '3-PT Made': '1', 'Pts+Asts': '11', 'Pts+Rebs': '14', 'Pts+Rebs+Asts': '15', 'Rebs+Asts': '5', 'Blks+Stls': '4', 'DNP': False, 'id': '3913881'}, {'name': 'E. Williams', 'Team': 'Chicago Sky', 'Min': '26', 'FG': '2-6', '3PT': '0-0', 'FT': '1-2', 'OReb': '0', 'DReb': '5', 'Rebounds': '5', 'Assists': '2', 'Steals': '2', 'Blocked Shots': '0', 'Turnovers': '0', 'PF': '2', '+/-': '+22', 'Points': '5', '3-PT Made': '0', 'Pts+Asts': '7', 'Pts+Rebs': '10', 'Pts+Rebs+Asts': '12', 'Rebs+Asts': '7', 'Blks+Stls': '2', 'DNP': False, 'id': '2566081'}, {'name': 'C. Williams', 'Team': 'Chicago Sky', 'Min': '28', 'FG': '9-13', '3PT': '1-1', 'FT': '0-0', 'OReb': '1', 'DReb': '3', 'Rebounds': '4', 'Assists': '9', 'Steals': '1', 'Blocked Shots': '0', 'Turnovers': '1', 'PF': '1', '+/-': '+16', 'Points': '19', '3-PT Made': '1', 'Pts+Asts': '28', 'Pts+Rebs': '23', 'Pts+Rebs+Asts': '32', 'Rebs+Asts': '13', 'Blks+Stls': '1', 'DNP': False, 'id': '2987891'}, {'name': 'K. Copper', 'Team': 'Chicago Sky', 'Min': '28', 'FG': '9-11', '3PT': '1-1', 'FT': '5-6', 'OReb': '0', 'DReb': '1', 'Rebounds': '1', 'Assists': '2', 'Steals': '1', 'Blocked Shots': '0', 'Turnovers': '1', 'PF': '0', '+/-': '+23', 'Points': '24', '3-PT Made': '1', 'Pts+Asts': '26', 'Pts+Rebs': '25', 'Pts+Rebs+Asts': '27', 'Rebs+Asts': '3', 'Blks+Stls': '1', 'DNP': False, 'id': '2998938'}, {'name': 'M. Mabrey', 'Team': 'Chicago Sky', 'Min': '29', 'FG': '9-18', '3PT': '4-8', 'FT': '1-1', 'OReb': '1', 'DReb': '4', 'Rebounds': '5', 'Assists': '6', 'Steals': '0', 'Blocked Shots': '1', 'Turnovers': '0', 'PF': '2', '+/-': '+20', 'Points': '23', '3-PT Made': '4', 'Pts+Asts': '29', 'Pts+Rebs': '28', 'Pts+Rebs+Asts': '34', 'Rebs+Asts': '11', 'Blks+Stls': '1', 'DNP': False, 'id': '3904576'}], 'homeBench': [{'name': 'R. Parks', 'Team': 'Chicago Sky', 'Min': '19', 'FG': '5-7', '3PT': '4-5', 'FT': '0-0', 'OReb': '3', 'DReb': '0', 'Rebounds': '3', 'Assists': '3', 'Steals': '1', 'Blocked Shots': '1', 'Turnovers': '1', 'PF': '2', '+/-': '-2', 'Points': '14', '3-PT Made': '4', 'Pts+Asts': '17', 'Pts+Rebs': '17', 'Pts+Rebs+Asts': '20', 'Rebs+Asts': '6', 'Blks+Stls': '2', 'DNP': False, 'id': '2529567'}, {'name': 'M. Bertsch', 'Team': 'Chicago Sky', 'Min': '9', 'FG': '0-2', '3PT': '0-0', 'FT': '0-0', 'OReb': '1', 'DReb': '1', 'Rebounds': '2', 'Assists': '0', 'Steals': '0', 'Blocked Shots': '0', 'Turnovers': '0', 'PF': '1', '+/-': '+3', 'Points': '0', '3-PT Made': '0', 'Pts+Asts': '0', 'Pts+Rebs': '2', 'Pts+Rebs+Asts': '2', 'Rebs+Asts': '2', 'Blks+Stls': '0', 'DNP': False, 'id': '3143510'}, {'name': 'R. Hebard', 'Team': 'Chicago Sky', 'Min': '14', 'FG': '1-3', '3PT': '0-0', 'FT': '4-4', 'OReb': '1', 'DReb': '1', 'Rebounds': '2', 'Assists': '2', 'Steals': '0', 'Blocked Shots': '2', 'Turnovers': '0', 'PF': '1', '+/-': '-3', 'Points': '6', '3-PT Made': '0', 'Pts+Asts': '8', 'Pts+Rebs': '8', 'Pts+Rebs+Asts': '10', 'Rebs+Asts': '4', 'Blks+Stls': '2', 'DNP': False, 'id': '4066534'}, {'name': 'T. Soule', 'Team': 'Chicago Sky', 'Min': '2', 'FG': '0-0', '3PT': '0-0', 'FT': '0-0', 'OReb': '0', 'DReb': '0', 'Rebounds': '0', 'Assists': '0', 'Steals': '0', 'Blocked Shots': '0', 'Turnovers': '0', 'PF': '0', '+/-': '0', 'Points': '0', '3-PT Made': '0', 'Pts+Asts': '0', 'Pts+Rebs': '0', 'Pts+Rebs+Asts': '0', 'Rebs+Asts': '0', 'Blks+Stls': '0', 'DNP': False, 'id': '4398567'}, {'name': 'D. Evans', 'Team': 'Chicago Sky', 'Min': '18', 'FG': '1-6', '3PT': '1-5', 'FT': '0-0', 'OReb': '0', 'DReb': '1', 'Rebounds': '1', 'Assists': '2', 'Steals': '0', 'Blocked Shots': '1', 'Turnovers': '2', 'PF': '2', '+/-': '-3', 'Points': '3', '3-PT Made': '1', 'Pts+Asts': '5', 'Pts+Rebs': '4', 'Pts+Rebs+Asts': '6', 'Rebs+Asts': '3', 'Blks+Stls': '1', 'DNP': False, 'id': '4281190'}, {'name': 'I. Harrison', 'Team': 'Chicago Sky', 'Min': '0', 'FG': '0-0', '3PT': '0-0', 'FT': '0-0', 'OReb': '0', 'DReb': '0', 'Rebounds': '0', 'Assists': '0', 'Steals': '0', 'Blocked Shots': '0', 'Turnovers': '0', 'PF': '0', '+/-': '0', 'Points': '0', '3-PT Made': '0', 'Pts+Asts': '0', 'Pts+Rebs': '0', 'Pts+Rebs+Asts': '0', 'Rebs+Asts': '0', 'Blks+Stls': '0', 'DNP': True, 'id': '2566453'}, {'name': 'R. Gardner', 'Team': 'Chicago Sky', 'Min': '0', 'FG': '0-0', '3PT': '0-0', 'FT': '0-0', 'OReb': '0', 'DReb': '0', 'Rebounds': '0', 'Assists': '0', 'Steals': '0', 'Blocked Shots': '0', 'Turnovers': '0', 'PF': '0', '+/-': '0', 'Points': '0', '3-PT Made': '0', 'Pts+Asts': '0', 'Pts+Rebs': '0', 'Pts+Rebs+Asts': '0', 'Rebs+Asts': '0', 'Blks+Stls': '0', 'DNP': True, 'id': '2327695'}], 'players': [{'name': 'A. Smith', 'Team': 'Chicago Sky', 'Min': '27', 'FG': '3-8', '3PT': '1-1', 'FT': '3-3', 'OReb': '1', 'DReb': '3', 'Rebounds': '4', 'Assists': '1', 'Steals': '1', 'Blocked Shots': '3', 'Turnovers': '2', 'PF': '2', '+/-': '+19', 'Points': '10', '3-PT Made': '1', 'Pts+Asts': '11', 'Pts+Rebs': '14', 'Pts+Rebs+Asts': '15', 'Rebs+Asts': '5', 'Blks+Stls': '4', 'DNP': False, 'id': '3913881'}, {'name': 'E. Williams', 'Team': 'Chicago Sky', 'Min': '26', 'FG': '2-6', '3PT': '0-0', 'FT': '1-2', 'OReb': '0', 'DReb': '5', 'Rebounds': '5', 'Assists': '2', 'Steals': '2', 'Blocked Shots': '0', 'Turnovers': '0', 'PF': '2', '+/-': '+22', 'Points': '5', '3-PT Made': '0', 'Pts+Asts': '7', 'Pts+Rebs': '10', 'Pts+Rebs+Asts': '12', 'Rebs+Asts': '7', 'Blks+Stls': '2', 'DNP': False, 'id': '2566081'}, {'name': 'C. Williams', 'Team': 'Chicago Sky', 'Min': '28', 'FG': '9-13', '3PT': '1-1', 'FT': '0-0', 'OReb': '1', 'DReb': '3', 'Rebounds': '4', 'Assists': '9', 'Steals': '1', 'Blocked Shots': '0', 'Turnovers': '1', 'PF': '1', '+/-': '+16', 'Points': '19', '3-PT Made': '1', 'Pts+Asts': '28', 'Pts+Rebs': '23', 'Pts+Rebs+Asts': '32', 'Rebs+Asts': '13', 'Blks+Stls': '1', 'DNP': False, 'id': '2987891'}, {'name': 'K. Copper', 'Team': 'Chicago Sky', 'Min': '28', 'FG': '9-11', '3PT': '1-1', 'FT': '5-6', 'OReb': '0', 'DReb': '1', 'Rebounds': '1', 'Assists': '2', 'Steals': '1', 'Blocked Shots': '0', 'Turnovers': '1', 'PF': '0', '+/-': '+23', 'Points': '24', '3-PT Made': '1', 'Pts+Asts': '26', 'Pts+Rebs': '25', 'Pts+Rebs+Asts': '27', 'Rebs+Asts': '3', 'Blks+Stls': '1', 'DNP': False, 'id': '2998938'}, {'name': 'M. Mabrey', 'Team': 'Chicago Sky', 'Min': '29', 'FG': '9-18', '3PT': '4-8', 'FT': '1-1', 'OReb': '1', 'DReb': '4', 'Rebounds': '5', 'Assists': '6', 'Steals': '0', 'Blocked Shots': '1', 'Turnovers': '0', 'PF': '2', '+/-': '+20', 'Points': '23', '3-PT Made': '4', 'Pts+Asts': '29', 'Pts+Rebs': '28', 'Pts+Rebs+Asts': '34', 'Rebs+Asts': '11', 'Blks+Stls': '1', 'DNP': False, 'id': '3904576'}, {'name': 'R. Parks', 'Team': 'Chicago Sky', 'Min': '19', 'FG': '5-7', '3PT': '4-5', 'FT': '0-0', 'OReb': '3', 'DReb': '0', 'Rebounds': '3', 'Assists': '3', 'Steals': '1', 'Blocked Shots': '1', 'Turnovers': '1', 'PF': '2', '+/-': '-2', 'Points': '14', '3-PT Made': '4', 'Pts+Asts': '17', 'Pts+Rebs': '17', 'Pts+Rebs+Asts': '20', 'Rebs+Asts': '6', 'Blks+Stls': '2', 'DNP': False, 'id': '2529567'}, {'name': 'M. Bertsch', 'Team': 'Chicago Sky', 'Min': '9', 'FG': '0-2', '3PT': '0-0', 'FT': '0-0', 'OReb': '1', 'DReb': '1', 'Rebounds': '2', 'Assists': '0', 'Steals': '0', 'Blocked Shots': '0', 'Turnovers': '0', 'PF': '1', '+/-': '+3', 'Points': '0', '3-PT Made': '0', 'Pts+Asts': '0', 'Pts+Rebs': '2', 'Pts+Rebs+Asts': '2', 'Rebs+Asts': '2', 'Blks+Stls': '0', 'DNP': False, 'id': '3143510'}, {'name': 'R. Hebard', 'Team': 'Chicago Sky', 'Min': '14', 'FG': '1-3', '3PT': '0-0', 'FT': '4-4', 'OReb': '1', 'DReb': '1', 'Rebounds': '2', 'Assists': '2', 'Steals': '0', 'Blocked Shots': '2', 'Turnovers': '0', 'PF': '1', '+/-': '-3', 'Points': '6', '3-PT Made': '0', 'Pts+Asts': '8', 'Pts+Rebs': '8', 'Pts+Rebs+Asts': '10', 'Rebs+Asts': '4', 'Blks+Stls': '2', 'DNP': False, 'id': '4066534'}, {'name': 'T. Soule', 'Team': 'Chicago Sky', 'Min': '2', 'FG': '0-0', '3PT': '0-0', 'FT': '0-0', 'OReb': '0', 'DReb': '0', 'Rebounds': '0', 'Assists': '0', 'Steals': '0', 'Blocked Shots': '0', 'Turnovers': '0', 'PF': '0', '+/-': '0', 'Points': '0', '3-PT Made': '0', 'Pts+Asts': '0', 'Pts+Rebs': '0', 'Pts+Rebs+Asts': '0', 'Rebs+Asts': '0', 'Blks+Stls': '0', 'DNP': False, 'id': '4398567'}, {'name': 'D. Evans', 'Team': 'Chicago Sky', 'Min': '18', 'FG': '1-6', '3PT': '1-5', 'FT': '0-0', 'OReb': '0', 'DReb': '1', 'Rebounds': '1', 'Assists': '2', 'Steals': '0', 'Blocked Shots': '1', 'Turnovers': '2', 'PF': '2', '+/-': '-3', 'Points': '3', '3-PT Made': '1', 'Pts+Asts': '5', 'Pts+Rebs': '4', 'Pts+Rebs+Asts': '6', 'Rebs+Asts': '3', 'Blks+Stls': '1', 'DNP': False, 'id': '4281190'}, {'name': 'I. Harrison', 'Team': 'Chicago Sky', 'Min': '0', 'FG': '0-0', '3PT': '0-0', 'FT': '0-0', 'OReb': '0', 'DReb': '0', 'Rebounds': '0', 'Assists': '0', 'Steals': '0', 'Blocked Shots': '0', 'Turnovers': '0', 'PF': '0', '+/-': '0', 'Points': '0', '3-PT Made': '0', 'Pts+Asts': '0', 'Pts+Rebs': '0', 'Pts+Rebs+Asts': '0', 'Rebs+Asts': '0', 'Blks+Stls': '0', 'DNP': True, 'id': '2566453'}, {'name': 'R. Gardner', 'Team': 'Chicago Sky', 'Min': '0', 'FG': '0-0', '3PT': '0-0', 'FT': '0-0', 'OReb': '0', 'DReb': '0', 'Rebounds': '0', 'Assists': '0', 'Steals': '0', 'Blocked Shots': '0', 'Turnovers': '0', 'PF': '0', '+/-': '0', 'Points': '0', '3-PT Made': '0', 'Pts+Asts': '0', 'Pts+Rebs': '0', 'Pts+Rebs+Asts': '0', 'Rebs+Asts': '0', 'Blks+Stls': '0', 'DNP': True, 'id': '2327695'}]}","{'awayShort': 'PHX', 'awayTeam': 'Phoenix Mercury', 'awayStarters': [{'name': 'B. Turner', 'Team': 'Phoenix Mercury', 'Min': '25', 'FG': '2-4', '3PT': '0-0', 'FT': '0-0', 'OReb': '2', 'DReb': '4', 'Rebounds': '6', 'Assists': '1', 'Steals': '2', 'Blocked Shots': '1', 'Turnovers': '2', 'PF': '3', '+/-': '-28', 'Points': '4', '3-PT Made': '0', 'Pts+Asts': '5', 'Pts+Rebs': '10', 'Pts+Rebs+Asts': '11', 'Rebs+Asts': '7', 'Blks+Stls': '3', 'DNP': False, 'id': '3142086'}, {'name': 'M. Gustafson', 'Team': 'Phoenix Mercury', 'Min': '27', 'FG': '6-12', '3PT': '2-3', 'FT': '3-4', 'OReb': '3', 'DReb': '5', 'Rebounds': '8', 'Assists': '1', 'Steals': '1', 'Blocked Shots': '0', 'Turnovers': '1', 'PF': '2', '+/-': '-13', 'Points': '17', '3-PT Made': '2', 'Pts+Asts': '18', 'Pts+Rebs': '25', 'Pts+Rebs+Asts': '26', 'Rebs+Asts': '9', 'Blks+Stls': '1', 'DNP': False, 'id': '3934218'}, {'name': 'D. Taurasi', 'Team': 'Phoenix Mercury', 'Min': '26', 'FG': '7-13', '3PT': '5-10', 'FT': '5-5', 'OReb': '0', 'DReb': '6', 'Rebounds': '6', 'Assists': '4', 'Steals': '1', 'Blocked Shots': '2', 'Turnovers': '3', 'PF': '1', '+/-': '-13', 'Points': '24', '3-PT Made': '5', 'Pts+Asts': '28', 'Pts+Rebs': '30', 'Pts+Rebs+Asts': '34', 'Rebs+Asts': '10', 'Blks+Stls': '3', 'DNP': False, 'id': '585'}, {'name': 'M. Jefferson', 'Team': 'Phoenix Mercury', 'Min': '25', 'FG': '4-8', '3PT': '1-2', 'FT': '0-0', 'OReb': '0', 'DReb': '1', 'Rebounds': '1', 'Assists': '7', 'Steals': '0', 'Blocked Shots': '0', 'Turnovers': '1', 'PF': '3', '+/-': '+1', 'Points': '9', '3-PT Made': '1', 'Pts+Asts': '16', 'Pts+Rebs': '10', 'Pts+Rebs+Asts': '17', 'Rebs+Asts': '8', 'Blks+Stls': '0', 'DNP': False, 'id': '2998927'}, {'name': 'S. Cunningham', 'Team': 'Phoenix Mercury', 'Min': '34', 'FG': '2-6', '3PT': '2-5', 'FT': '2-2', 'OReb': '0', 'DReb': '1', 'Rebounds': '1', 'Assists': '3', 'Steals': '0', 'Blocked Shots': '0', 'Turnovers': '3', 'PF': '2', '+/-': '-20', 'Points': '8', '3-PT Made': '2', 'Pts+Asts': '11', 'Pts+Rebs': '9', 'Pts+Rebs+Asts': '12', 'Rebs+Asts': '4', 'Blks+Stls': '0', 'DNP': False, 'id': '3907781'}], 'awayBench': [{'name': 'M. Onyenwere', 'Team': 'Phoenix Mercury', 'Min': '27', 'FG': '7-16', '3PT': '1-5', 'FT': '3-3', 'OReb': '2', 'DReb': '3', 'Rebounds': '5', 'Assists': '5', 'Steals': '0', 'Blocked Shots': '2', 'Turnovers': '1', 'PF': '2', '+/-': '-1', 'Points': '18', '3-PT Made': '1', 'Pts+Asts': '23', 'Pts+Rebs': '23', 'Pts+Rebs+Asts': '28', 'Rebs+Asts': '10', 'Blks+Stls': '2', 'DNP': False, 'id': '4282173'}, {'name': 'L. Dixon', 'Team': 'Phoenix Mercury', 'Min': '3', 'FG': '0-1', '3PT': '0-0', 'FT': '0-0', 'OReb': '1', 'DReb': '0', 'Rebounds': '1', 'Assists': '0', 'Steals': '0', 'Blocked Shots': '0', 'Turnovers': '0', 'PF': '0', '+/-': '-2', 'Points': '0', '3-PT Made': '0', 'Pts+Asts': '0', 'Pts+Rebs': '1', 'Pts+Rebs+Asts': '1', 'Rebs+Asts': '1', 'Blks+Stls': '0', 'DNP': False, 'id': '4398591'}, {'name': 'K. Sissoko', 'Team': 'Phoenix Mercury', 'Min': '5', 'FG': '0-0', '3PT': '0-0', 'FT': '0-0', 'OReb': '0', 'DReb': '0', 'Rebounds': '0', 'Assists': '0', 'Steals': '0', 'Blocked Shots': '0', 'Turnovers': '1', 'PF': '0', '+/-': '+1', 'Points': '0', '3-PT Made': '0', 'Pts+Asts': '0', 'Pts+Rebs': '0', 'Pts+Rebs+Asts': '0', 'Rebs+Asts': '0', 'Blks+Stls': '0', 'DNP': False, 'id': '4398731'}, {'name': 'S. Peddy', 'Team': 'Phoenix Mercury', 'Min': '11', 'FG': '0-1', '3PT': '0-1', 'FT': '0-0', 'OReb': '0', 'DReb': '1', 'Rebounds': '1', 'Assists': '2', 'Steals': '0', 'Blocked Shots': '0', 'Turnovers': '1', 'PF': '1', '+/-': '-13', 'Points': '0', '3-PT Made': '0', 'Pts+Asts': '2', 'Pts+Rebs': '1', 'Pts+Rebs+Asts': '3', 'Rebs+Asts': '3', 'Blks+Stls': '0', 'DNP': False, 'id': '1107'}, {'name': 'S. Sutton', 'Team': 'Phoenix Mercury', 'Min': '16', 'FG': '2-2', '3PT': '1-1', 'FT': '0-0', 'OReb': '0', 'DReb': '0', 'Rebounds': '0', 'Assists': '1', 'Steals': '0', 'Blocked Shots': '0', 'Turnovers': '3', 'PF': '1', '+/-': '-7', 'Points': '5', '3-PT Made': '1', 'Pts+Asts': '6', 'Pts+Rebs': '5', 'Pts+Rebs+Asts': '6', 'Rebs+Asts': '1', 'Blks+Stls': '0', 'DNP': False, 'id': '4068159'}, {'name': 'B. Griner', 'Team': 'Phoenix Mercury', 'Min': '0', 'FG': '0-0', '3PT': '0-0', 'FT': '0-0', 'OReb': '0', 'DReb': '0', 'Rebounds': '0', 'Assists': '0', 'Steals': '0', 'Blocked Shots': '0', 'Turnovers': '0', 'PF': '0', '+/-': '0', 'Points': '0', '3-PT Made': '0', 'Pts+Asts': '0', 'Pts+Rebs': '0', 'Pts+Rebs+Asts': '0', 'Rebs+Asts': '0', 'Blks+Stls': '0', 'DNP': True, 'id': '2490553'}], 'players': [{'name': 'B. Turner', 'Team': 'Phoenix Mercury', 'Min': '25', 'FG': '2-4', '3PT': '0-0', 'FT': '0-0', 'OReb': '2', 'DReb': '4', 'Rebounds': '6', 'Assists': '1', 'Steals': '2', 'Blocked Shots': '1', 'Turnovers': '2', 'PF': '3', '+/-': '-28', 'Points': '4', '3-PT Made': '0', 'Pts+Asts': '5', 'Pts+Rebs': '10', 'Pts+Rebs+Asts': '11', 'Rebs+Asts': '7', 'Blks+Stls': '3', 'DNP': False, 'id': '3142086'}, {'name': 'M. Gustafson', 'Team': 'Phoenix Mercury', 'Min': '27', 'FG': '6-12', '3PT': '2-3', 'FT': '3-4', 'OReb': '3', 'DReb': '5', 'Rebounds': '8', 'Assists': '1', 'Steals': '1', 'Blocked Shots': '0', 'Turnovers': '1', 'PF': '2', '+/-': '-13', 'Points': '17', '3-PT Made': '2', 'Pts+Asts': '18', 'Pts+Rebs': '25', 'Pts+Rebs+Asts': '26', 'Rebs+Asts': '9', 'Blks+Stls': '1', 'DNP': False, 'id': '3934218'}, {'name': 'D. Taurasi', 'Team': 'Phoenix Mercury', 'Min': '26', 'FG': '7-13', '3PT': '5-10', 'FT': '5-5', 'OReb': '0', 'DReb': '6', 'Rebounds': '6', 'Assists': '4', 'Steals': '1', 'Blocked Shots': '2', 'Turnovers': '3', 'PF': '1', '+/-': '-13', 'Points': '24', '3-PT Made': '5', 'Pts+Asts': '28', 'Pts+Rebs': '30', 'Pts+Rebs+Asts': '34', 'Rebs+Asts': '10', 'Blks+Stls': '3', 'DNP': False, 'id': '585'}, {'name': 'M. Jefferson', 'Team': 'Phoenix Mercury', 'Min': '25', 'FG': '4-8', '3PT': '1-2', 'FT': '0-0', 'OReb': '0', 'DReb': '1', 'Rebounds': '1', 'Assists': '7', 'Steals': '0', 'Blocked Shots': '0', 'Turnovers': '1', 'PF': '3', '+/-': '+1', 'Points': '9', '3-PT Made': '1', 'Pts+Asts': '16', 'Pts+Rebs': '10', 'Pts+Rebs+Asts': '17', 'Rebs+Asts': '8', 'Blks+Stls': '0', 'DNP': False, 'id': '2998927'}, {'name': 'S. Cunningham', 'Team': 'Phoenix Mercury', 'Min': '34', 'FG': '2-6', '3PT': '2-5', 'FT': '2-2', 'OReb': '0', 'DReb': '1', 'Rebounds': '1', 'Assists': '3', 'Steals': '0', 'Blocked Shots': '0', 'Turnovers': '3', 'PF': '2', '+/-': '-20', 'Points': '8', '3-PT Made': '2', 'Pts+Asts': '11', 'Pts+Rebs': '9', 'Pts+Rebs+Asts': '12', 'Rebs+Asts': '4', 'Blks+Stls': '0', 'DNP': False, 'id': '3907781'}, {'name': 'M. Onyenwere', 'Team': 'Phoenix Mercury', 'Min': '27', 'FG': '7-16', '3PT': '1-5', 'FT': '3-3', 'OReb': '2', 'DReb': '3', 'Rebounds': '5', 'Assists': '5', 'Steals': '0', 'Blocked Shots': '2', 'Turnovers': '1', 'PF': '2', '+/-': '-1', 'Points': '18', '3-PT Made': '1', 'Pts+Asts': '23', 'Pts+Rebs': '23', 'Pts+Rebs+Asts': '28', 'Rebs+Asts': '10', 'Blks+Stls': '2', 'DNP': False, 'id': '4282173'}, {'name': 'L. Dixon', 'Team': 'Phoenix Mercury', 'Min': '3', 'FG': '0-1', '3PT': '0-0', 'FT': '0-0', 'OReb': '1', 'DReb': '0', 'Rebounds': '1', 'Assists': '0', 'Steals': '0', 'Blocked Shots': '0', 'Turnovers': '0', 'PF': '0', '+/-': '-2', 'Points': '0', '3-PT Made': '0', 'Pts+Asts': '0', 'Pts+Rebs': '1', 'Pts+Rebs+Asts': '1', 'Rebs+Asts': '1', 'Blks+Stls': '0', 'DNP': False, 'id': '4398591'}, {'name': 'K. Sissoko', 'Team': 'Phoenix Mercury', 'Min': '5', 'FG': '0-0', '3PT': '0-0', 'FT': '0-0', 'OReb': '0', 'DReb': '0', 'Rebounds': '0', 'Assists': '0', 'Steals': '0', 'Blocked Shots': '0', 'Turnovers': '1', 'PF': '0', '+/-': '+1', 'Points': '0', '3-PT Made': '0', 'Pts+Asts': '0', 'Pts+Rebs': '0', 'Pts+Rebs+Asts': '0', 'Rebs+Asts': '0', 'Blks+Stls': '0', 'DNP': False, 'id': '4398731'}, {'name': 'S. Peddy', 'Team': 'Phoenix Mercury', 'Min': '11', 'FG': '0-1', '3PT': '0-1', 'FT': '0-0', 'OReb': '0', 'DReb': '1', 'Rebounds': '1', 'Assists': '2', 'Steals': '0', 'Blocked Shots': '0', 'Turnovers': '1', 'PF': '1', '+/-': '-13', 'Points': '0', '3-PT Made': '0', 'Pts+Asts': '2', 'Pts+Rebs': '1', 'Pts+Rebs+Asts': '3', 'Rebs+Asts': '3', 'Blks+Stls': '0', 'DNP': False, 'id': '1107'}, {'name': 'S. Sutton', 'Team': 'Phoenix Mercury', 'Min': '16', 'FG': '2-2', '3PT': '1-1', 'FT': '0-0', 'OReb': '0', 'DReb': '0', 'Rebounds': '0', 'Assists': '1', 'Steals': '0', 'Blocked Shots': '0', 'Turnovers': '3', 'PF': '1', '+/-': '-7', 'Points': '5', '3-PT Made': '1', 'Pts+Asts': '6', 'Pts+Rebs': '5', 'Pts+Rebs+Asts': '6', 'Rebs+Asts': '1', 'Blks+Stls': '0', 'DNP': False, 'id': '4068159'}, {'name': 'B. Griner', 'Team': 'Phoenix Mercury', 'Min': '0', 'FG': '0-0', '3PT': '0-0', 'FT': '0-0', 'OReb': '0', 'DReb': '0', 'Rebounds': '0', 'Assists': '0', 'Steals': '0', 'Blocked Shots': '0', 'Turnovers': '0', 'PF': '0', '+/-': '0', 'Points': '0', '3-PT Made': '0', 'Pts+Asts': '0', 'Pts+Rebs': '0', 'Pts+Rebs+Asts': '0', 'Rebs+Asts': '0', 'Blks+Stls': '0', 'DNP': True, 'id': '2490553'}]}","{'Away': ['24', '24', '19', '18'], 'Home': ['32', '25', '28', '19'], 'Labels': [1, 2, 3, 4]}",False,wnba,20230730
New York Liberty@Los Angeles Sparks,"{'homeShort': 'LA', 'homeTeam': 'Los Angeles Sparks', 'homeStarters': [{'name': 'N. Ogwumike', 'Team': 'Los Angeles Sparks', 'Min': '26', 'FG': '4-10', '3PT': '0-1', 'FT': '2-3', 'OReb': '1', 'DReb': '4', 'Rebounds': '5', 'Assists': '3', 'Steals': '2', 'Blocked Shots': '1', 'Turnovers': '1', 'PF': '2', '+/-': '-21', 'Points': '10', '3-PT Made': '0', 'Pts+Asts': '13', 'Pts+Rebs': '15', 'Pts+Rebs+Asts': '18', 'Rebs+Asts': '8', 'Blks+Stls': '3', 'DNP': False, 'id': '1068'}, {'name': 'A. Stevens', 'Team': 'Los Angeles Sparks', 'Min': '28', 'FG': '5-14', '3PT': '3-7', 'FT': '0-0', 'OReb': '1', 'DReb': '2', 'Rebounds': '3', 'Assists': '3', 'Steals': '0', 'Blocked Shots': '1', 'Turnovers': '0', 'PF': '1', '+/-': '-14', 'Points': '13', '3-PT Made': '3', 'Pts+Asts': '16', 'Pts+Rebs': '16', 'Pts+Rebs+Asts': '19', 'Rebs+Asts': '6', 'Blks+Stls': '1', 'DNP': False, 'id': '3142010'}, {'name': 'L. Clarendon', 'Team': 'Los Angeles Sparks', 'Min': '23', 'FG': '3-5', '3PT': '0-1', 'FT': '1-2', 'OReb': '0', 'DReb': '1', 'Rebounds': '1', 'Assists': '2', 'Steals': '0', 'Blocked Shots': '0', 'Turnovers': '4', 'PF': '3', '+/-': '-19', 'Points': '7', '3-PT Made': '0', 'Pts+Asts': '9', 'Pts+Rebs': '8', 'Pts+Rebs+Asts': '10', 'Rebs+Asts': '3', 'Blks+Stls': '0', 'DNP': False, 'id': '2490794'}, {'name': 'J. Canada', 'Team': 'Los Angeles Sparks', 'Min': '31', 'FG': '7-15', '3PT': '2-6', 'FT': '1-2', 'OReb': '0', 'DReb': '1', 'Rebounds': '1', 'Assists': '4', 'Steals': '3', 'Blocked Shots': '0', 'Turnovers': '0', 'PF': '1', '+/-': '-14', 'Points': '17', '3-PT Made': '2', 'Pts+Asts': '21', 'Pts+Rebs': '18', 'Pts+Rebs+Asts': '22', 'Rebs+Asts': '5', 'Blks+Stls': '3', 'DNP': False, 'id': '3142250'}, {'name': 'Z. Cooke', 'Team': 'Los Angeles Sparks', 'Min': '7', 'FG': '0-4', '3PT': '0-1', 'FT': '0-0', 'OReb': '0', 'DReb': '0', 'Rebounds': '0', 'Assists': '0', 'Steals': '0', 'Blocked Shots': '0', 'Turnovers': '1', 'PF': '0', '+/-': '-20', 'Points': '0', '3-PT Made': '0', 'Pts+Asts': '0', 'Pts+Rebs': '0', 'Pts+Rebs+Asts': '0', 'Rebs+Asts': '0', 'Blks+Stls': '0', 'DNP': False, 'id': '4432832'}], 'homeBench': [{'name': 'D. Hamby', 'Team': 'Los Angeles Sparks', 'Min': '26', 'FG': '8-12', '3PT': '0-1', 'FT': '5-7', 'OReb': '1', 'DReb': '5', 'Rebounds': '6', 'Assists': '0', 'Steals': '3', 'Blocked Shots': '1', 'Turnovers': '2', 'PF': '3', '+/-': '+19', 'Points': '21', '3-PT Made': '0', 'Pts+Asts': '21', 'Pts+Rebs': '27', 'Pts+Rebs+Asts': '27', 'Rebs+Asts': '6', 'Blks+Stls': '4', 'DNP': False, 'id': '2566106'}, {'name': 'Kar. Samuelson', 'Team': 'Los Angeles Sparks', 'Min': '26', 'FG': '2-4', '3PT': '0-2', 'FT': '1-2', 'OReb': '0', 'DReb': '4', 'Rebounds': '4', 'Assists': '3', 'Steals': '0', 'Blocked Shots': '0', 'Turnovers': '0', 'PF': '2', '+/-': '+9', 'Points': '5', '3-PT Made': '0', 'Pts+Asts': '8', 'Pts+Rebs': '9', 'Pts+Rebs+Asts': '12', 'Rebs+Asts': '7', 'Blks+Stls': '0', 'DNP': False, 'id': '3056730'}, {'name': 'J. Thomas', 'Team': 'Los Angeles Sparks', 'Min': '21', 'FG': '1-4', '3PT': '0-2', 'FT': '2-2', 'OReb': '0', 'DReb': '3', 'Rebounds': '3', 'Assists': '2', 'Steals': '0', 'Blocked Shots': '0', 'Turnovers': '0', 'PF': '0', '+/-': '+3', 'Points': '4', '3-PT Made': '0', 'Pts+Asts': '6', 'Pts+Rebs': '7', 'Pts+Rebs+Asts': '9', 'Rebs+Asts': '5', 'Blks+Stls': '0', 'DNP': False, 'id': '1008'}, {'name': 'R. Burrell', 'Team': 'Los Angeles Sparks', 'Min': '13', 'FG': '1-4', '3PT': '0-1', 'FT': '0-0', 'OReb': '1', 'DReb': '1', 'Rebounds': '2', 'Assists': '0', 'Steals': '2', 'Blocked Shots': '0', 'Turnovers': '0', 'PF': '1', '+/-': '+17', 'Points': '2', '3-PT Made': '0', 'Pts+Asts': '2', 'Pts+Rebs': '4', 'Pts+Rebs+Asts': '4', 'Rebs+Asts': '2', 'Blks+Stls': '2', 'DNP': False, 'id': '4398764'}], 'players': [{'name': 'N. Ogwumike', 'Team': 'Los Angeles Sparks', 'Min': '26', 'FG': '4-10', '3PT': '0-1', 'FT': '2-3', 'OReb': '1', 'DReb': '4', 'Rebounds': '5', 'Assists': '3', 'Steals': '2', 'Blocked Shots': '1', 'Turnovers': '1', 'PF': '2', '+/-': '-21', 'Points': '10', '3-PT Made': '0', 'Pts+Asts': '13', 'Pts+Rebs': '15', 'Pts+Rebs+Asts': '18', 'Rebs+Asts': '8', 'Blks+Stls': '3', 'DNP': False, 'id': '1068'}, {'name': 'A. Stevens', 'Team': 'Los Angeles Sparks', 'Min': '28', 'FG': '5-14', '3PT': '3-7', 'FT': '0-0', 'OReb': '1', 'DReb': '2', 'Rebounds': '3', 'Assists': '3', 'Steals': '0', 'Blocked Shots': '1', 'Turnovers': '0', 'PF': '1', '+/-': '-14', 'Points': '13', '3-PT Made': '3', 'Pts+Asts': '16', 'Pts+Rebs': '16', 'Pts+Rebs+Asts': '19', 'Rebs+Asts': '6', 'Blks+Stls': '1', 'DNP': False, 'id': '3142010'}, {'name': 'L. Clarendon', 'Team': 'Los Angeles Sparks', 'Min': '23', 'FG': '3-5', '3PT': '0-1', 'FT': '1-2', 'OReb': '0', 'DReb': '1', 'Rebounds': '1', 'Assists': '2', 'Steals': '0', 'Blocked Shots': '0', 'Turnovers': '4', 'PF': '3', '+/-': '-19', 'Points': '7', '3-PT Made': '0', 'Pts+Asts': '9', 'Pts+Rebs': '8', 'Pts+Rebs+Asts': '10', 'Rebs+Asts': '3', 'Blks+Stls': '0', 'DNP': False, 'id': '2490794'}, {'name': 'J. Canada', 'Team': 'Los Angeles Sparks', 'Min': '31', 'FG': '7-15', '3PT': '2-6', 'FT': '1-2', 'OReb': '0', 'DReb': '1', 'Rebounds': '1', 'Assists': '4', 'Steals': '3', 'Blocked Shots': '0', 'Turnovers': '0', 'PF': '1', '+/-': '-14', 'Points': '17', '3-PT Made': '2', 'Pts+Asts': '21', 'Pts+Rebs': '18', 'Pts+Rebs+Asts': '22', 'Rebs+Asts': '5', 'Blks+Stls': '3', 'DNP': False, 'id': '3142250'}, {'name': 'Z. Cooke', 'Team': 'Los Angeles Sparks', 'Min': '7', 'FG': '0-4', '3PT': '0-1', 'FT': '0-0', 'OReb': '0', 'DReb': '0', 'Rebounds': '0', 'Assists': '0', 'Steals': '0', 'Blocked Shots': '0', 'Turnovers': '1', 'PF': '0', '+/-': '-20', 'Points': '0', '3-PT Made': '0', 'Pts+Asts': '0', 'Pts+Rebs': '0', 'Pts+Rebs+Asts': '0', 'Rebs+Asts': '0', 'Blks+Stls': '0', 'DNP': False, 'id': '4432832'}, {'name': 'D. Hamby', 'Team': 'Los Angeles Sparks', 'Min': '26', 'FG': '8-12', '3PT': '0-1', 'FT': '5-7', 'OReb': '1', 'DReb': '5', 'Rebounds': '6', 'Assists': '0', 'Steals': '3', 'Blocked Shots': '1', 'Turnovers': '2', 'PF': '3', '+/-': '+19', 'Points': '21', '3-PT Made': '0', 'Pts+Asts': '21', 'Pts+Rebs': '27', 'Pts+Rebs+Asts': '27', 'Rebs+Asts': '6', 'Blks+Stls': '4', 'DNP': False, 'id': '2566106'}, {'name': 'Kar. Samuelson', 'Team': 'Los Angeles Sparks', 'Min': '26', 'FG': '2-4', '3PT': '0-2', 'FT': '1-2', 'OReb': '0', 'DReb': '4', 'Rebounds': '4', 'Assists': '3', 'Steals': '0', 'Blocked Shots': '0', 'Turnovers': '0', 'PF': '2', '+/-': '+9', 'Points': '5', '3-PT Made': '0', 'Pts+Asts': '8', 'Pts+Rebs': '9', 'Pts+Rebs+Asts': '12', 'Rebs+Asts': '7', 'Blks+Stls': '0', 'DNP': False, 'id': '3056730'}, {'name': 'J. Thomas', 'Team': 'Los Angeles Sparks', 'Min': '21', 'FG': '1-4', '3PT': '0-2', 'FT': '2-2', 'OReb': '0', 'DReb': '3', 'Rebounds': '3', 'Assists': '2', 'Steals': '0', 'Blocked Shots': '0', 'Turnovers': '0', 'PF': '0', '+/-': '+3', 'Points': '4', '3-PT Made': '0', 'Pts+Asts': '6', 'Pts+Rebs': '7', 'Pts+Rebs+Asts': '9', 'Rebs+Asts': '5', 'Blks+Stls': '0', 'DNP': False, 'id': '1008'}, {'name': 'R. Burrell', 'Team': 'Los Angeles Sparks', 'Min': '13', 'FG': '1-4', '3PT': '0-1', 'FT': '0-0', 'OReb': '1', 'DReb': '1', 'Rebounds': '2', 'Assists': '0', 'Steals': '2', 'Blocked Shots': '0', 'Turnovers': '0', 'PF': '1', '+/-': '+17', 'Points': '2', '3-PT Made': '0', 'Pts+Asts': '2', 'Pts+Rebs': '4', 'Pts+Rebs+Asts': '4', 'Rebs+Asts': '2', 'Blks+Stls': '2', 'DNP': False, 'id': '4398764'}]}","{'awayShort': 'NY', 'awayTeam': 'New York Liberty', 'awayStarters': [{'name': 'Laney', 'Team': 'New York Liberty', 'Min': '29', 'FG': '3-10', '3PT': '1-3', 'FT': '0-0', 'OReb': '0', 'DReb': '4', 'Rebounds': '4', 'Assists': '5', 'Steals': '2', 'Blocked Shots': '0', 'Turnovers': '3', 'PF': '3', '+/-': '+19', 'Points': '7', '3-PT Made': '1', 'Pts+Asts': '12', 'Pts+Rebs': '11', 'Pts+Rebs+Asts': '16', 'Rebs+Asts': '9', 'Blks+Stls': '2', 'DNP': False, 'id': '2593770'}, {'name': 'B. Stewart', 'Team': 'New York Liberty', 'Min': '33', 'FG': '9-18', '3PT': '3-9', 'FT': '4-6', 'OReb': '2', 'DReb': '7', 'Rebounds': '9', 'Assists': '2', 'Steals': '1', 'Blocked Shots': '3', 'Turnovers': '3', 'PF': '2', '+/-': '+13', 'Points': '25', '3-PT Made': '3', 'Pts+Asts': '27', 'Pts+Rebs': '34', 'Pts+Rebs+Asts': '36', 'Rebs+Asts': '11', 'Blks+Stls': '4', 'DNP': False, 'id': '2998928'}, {'name': 'J. Jones', 'Team': 'New York Liberty', 'Min': '29', 'FG': '5-10', '3PT': '1-3', 'FT': '2-2', 'OReb': '3', 'DReb': '10', 'Rebounds': '13', 'Assists': '3', 'Steals': '0', 'Blocked Shots': '1', 'Turnovers': '1', 'PF': '4', '+/-': '+11', 'Points': '13', '3-PT Made': '1', 'Pts+Asts': '16', 'Pts+Rebs': '26', 'Pts+Rebs+Asts': '29', 'Rebs+Asts': '16', 'Blks+Stls': '1', 'DNP': False, 'id': '2999101'}, {'name': 'C. Vandersloot', 'Team': 'New York Liberty', 'Min': '27', 'FG': '4-9', '3PT': '0-3', 'FT': '0-0', 'OReb': '2', 'DReb': '4', 'Rebounds': '6', 'Assists': '9', 'Steals': '0', 'Blocked Shots': '1', 'Turnovers': '2', 'PF': '1', '+/-': '+12', 'Points': '8', '3-PT Made': '0', 'Pts+Asts': '17', 'Pts+Rebs': '14', 'Pts+Rebs+Asts': '23', 'Rebs+Asts': '15', 'Blks+Stls': '1', 'DNP': False, 'id': '981'}, {'name': 'S. Ionescu', 'Team': 'New York Liberty', 'Min': '30', 'FG': '4-10', '3PT': '4-7', 'FT': '2-3', 'OReb': '0', 'DReb': '6', 'Rebounds': '6', 'Assists': '5', 'Steals': '1', 'Blocked Shots': '1', 'Turnovers': '4', 'PF': '0', '+/-': '+17', 'Points': '14', '3-PT Made': '4', 'Pts+Asts': '19', 'Pts+Rebs': '20', 'Pts+Rebs+Asts': '25', 'Rebs+Asts': '11', 'Blks+Stls': '2', 'DNP': False, 'id': '4066533'}], 'awayBench': [{'name': 'K. Thornton', 'Team': 'New York Liberty', 'Min': '15', 'FG': '1-4', '3PT': '0-1', 'FT': '0-0', 'OReb': '2', 'DReb': '0', 'Rebounds': '2', 'Assists': '0', 'Steals': '0', 'Blocked Shots': '0', 'Turnovers': '2', 'PF': '2', '+/-': '-11', 'Points': '2', '3-PT Made': '0', 'Pts+Asts': '2', 'Pts+Rebs': '4', 'Pts+Rebs+Asts': '4', 'Rebs+Asts': '2', 'Blks+Stls': '0', 'DNP': False, 'id': '2529622'}, {'name': 'N. Sabally', 'Team': 'New York Liberty', 'Min': '3', 'FG': '0-0', '3PT': '0-0', 'FT': '0-0', 'OReb': '0', 'DReb': '0', 'Rebounds': '0', 'Assists': '0', 'Steals': '0', 'Blocked Shots': '0', 'Turnovers': '0', 'PF': '1', '+/-': '+3', 'Points': '0', '3-PT Made': '0', 'Pts+Asts': '0', 'Pts+Rebs': '0', 'Pts+Rebs+Asts': '0', 'Rebs+Asts': '0', 'Blks+Stls': '0', 'DNP': False, 'id': '4398768'}, {'name': 'M. Johannes', 'Team': 'New York Liberty', 'Min': '24', 'FG': '5-8', '3PT': '5-7', 'FT': '0-0', 'OReb': '0', 'DReb': '1', 'Rebounds': '1', 'Assists': '0', 'Steals': '1', 'Blocked Shots': '0', 'Turnovers': '2', 'PF': '4', '+/-': '-13', 'Points': '15', '3-PT Made': '5', 'Pts+Asts': '15', 'Pts+Rebs': '16', 'Pts+Rebs+Asts': '16', 'Rebs+Asts': '1', 'Blks+Stls': '1', 'DNP': False, 'id': '4038379'}, {'name': 'J. Willoughby', 'Team': 'New York Liberty', 'Min': '11', 'FG': '1-1', '3PT': '1-1', 'FT': '0-0', 'OReb': '1', 'DReb': '0', 'Rebounds': '1', 'Assists': '2', 'Steals': '0', 'Blocked Shots': '0', 'Turnovers': '0', 'PF': '1', '+/-': '-11', 'Points': '3', '3-PT Made': '1', 'Pts+Asts': '5', 'Pts+Rebs': '4', 'Pts+Rebs+Asts': '6', 'Rebs+Asts': '3', 'Blks+Stls': '0', 'DNP': False, 'id': '4065879'}, {'name': 'E. Prince', 'Team': 'New York Liberty', 'Min': '0', 'FG': '0-0', '3PT': '0-0', 'FT': '0-0', 'OReb': '0', 'DReb': '0', 'Rebounds': '0', 'Assists': '0', 'Steals': '0', 'Blocked Shots': '0', 'Turnovers': '0', 'PF': '0', '+/-': '0', 'Points': '0', '3-PT Made': '0', 'Pts+Asts': '0', 'Pts+Rebs': '0', 'Pts+Rebs+Asts': '0', 'Rebs+Asts': '0', 'Blks+Stls': '0', 'DNP': True, 'id': '882'}], 'players': [{'name': 'Laney', 'Team': 'New York Liberty', 'Min': '29', 'FG': '3-10', '3PT': '1-3', 'FT': '0-0', 'OReb': '0', 'DReb': '4', 'Rebounds': '4', 'Assists': '5', 'Steals': '2', 'Blocked Shots': '0', 'Turnovers': '3', 'PF': '3', '+/-': '+19', 'Points': '7', '3-PT Made': '1', 'Pts+Asts': '12', 'Pts+Rebs': '11', 'Pts+Rebs+Asts': '16', 'Rebs+Asts': '9', 'Blks+Stls': '2', 'DNP': False, 'id': '2593770'}, {'name': 'B. Stewart', 'Team': 'New York Liberty', 'Min': '33', 'FG': '9-18', '3PT': '3-9', 'FT': '4-6', 'OReb': '2', 'DReb': '7', 'Rebounds': '9', 'Assists': '2', 'Steals': '1', 'Blocked Shots': '3', 'Turnovers': '3', 'PF': '2', '+/-': '+13', 'Points': '25', '3-PT Made': '3', 'Pts+Asts': '27', 'Pts+Rebs': '34', 'Pts+Rebs+Asts': '36', 'Rebs+Asts': '11', 'Blks+Stls': '4', 'DNP': False, 'id': '2998928'}, {'name': 'J. Jones', 'Team': 'New York Liberty', 'Min': '29', 'FG': '5-10', '3PT': '1-3', 'FT': '2-2', 'OReb': '3', 'DReb': '10', 'Rebounds': '13', 'Assists': '3', 'Steals': '0', 'Blocked Shots': '1', 'Turnovers': '1', 'PF': '4', '+/-': '+11', 'Points': '13', '3-PT Made': '1', 'Pts+Asts': '16', 'Pts+Rebs': '26', 'Pts+Rebs+Asts': '29', 'Rebs+Asts': '16', 'Blks+Stls': '1', 'DNP': False, 'id': '2999101'}, {'name': 'C. Vandersloot', 'Team': 'New York Liberty', 'Min': '27', 'FG': '4-9', '3PT': '0-3', 'FT': '0-0', 'OReb': '2', 'DReb': '4', 'Rebounds': '6', 'Assists': '9', 'Steals': '0', 'Blocked Shots': '1', 'Turnovers': '2', 'PF': '1', '+/-': '+12', 'Points': '8', '3-PT Made': '0', 'Pts+Asts': '17', 'Pts+Rebs': '14', 'Pts+Rebs+Asts': '23', 'Rebs+Asts': '15', 'Blks+Stls': '1', 'DNP': False, 'id': '981'}, {'name': 'S. Ionescu', 'Team': 'New York Liberty', 'Min': '30', 'FG': '4-10', '3PT': '4-7', 'FT': '2-3', 'OReb': '0', 'DReb': '6', 'Rebounds': '6', 'Assists': '5', 'Steals': '1', 'Blocked Shots': '1', 'Turnovers': '4', 'PF': '0', '+/-': '+17', 'Points': '14', '3-PT Made': '4', 'Pts+Asts': '19', 'Pts+Rebs': '20', 'Pts+Rebs+Asts': '25', 'Rebs+Asts': '11', 'Blks+Stls': '2', 'DNP': False, 'id': '4066533'}, {'name': 'K. Thornton', 'Team': 'New York Liberty', 'Min': '15', 'FG': '1-4', '3PT': '0-1', 'FT': '0-0', 'OReb': '2', 'DReb': '0', 'Rebounds': '2', 'Assists': '0', 'Steals': '0', 'Blocked Shots': '0', 'Turnovers': '2', 'PF': '2', '+/-': '-11', 'Points': '2', '3-PT Made': '0', 'Pts+Asts': '2', 'Pts+Rebs': '4', 'Pts+Rebs+Asts': '4', 'Rebs+Asts': '2', 'Blks+Stls': '0', 'DNP': False, 'id': '2529622'}, {'name': 'N. Sabally', 'Team': 'New York Liberty', 'Min': '3', 'FG': '0-0', '3PT': '0-0', 'FT': '0-0', 'OReb': '0', 'DReb': '0', 'Rebounds': '0', 'Assists': '0', 'Steals': '0', 'Blocked Shots': '0', 'Turnovers': '0', 'PF': '1', '+/-': '+3', 'Points': '0', '3-PT Made': '0', 'Pts+Asts': '0', 'Pts+Rebs': '0', 'Pts+Rebs+Asts': '0', 'Rebs+Asts': '0', 'Blks+Stls': '0', 'DNP': False, 'id': '4398768'}, {'name': 'M. Johannes', 'Team': 'New York Liberty', 'Min': '24', 'FG': '5-8', '3PT': '5-7', 'FT': '0-0', 'OReb': '0', 'DReb': '1', 'Rebounds': '1', 'Assists': '0', 'Steals': '1', 'Blocked Shots': '0', 'Turnovers': '2', 'PF': '4', '+/-': '-13', 'Points': '15', '3-PT Made': '5', 'Pts+Asts': '15', 'Pts+Rebs': '16', 'Pts+Rebs+Asts': '16', 'Rebs+Asts': '1', 'Blks+Stls': '1', 'DNP': False, 'id': '4038379'}, {'name': 'J. Willoughby', 'Team': 'New York Liberty', 'Min': '11', 'FG': '1-1', '3PT': '1-1', 'FT': '0-0', 'OReb': '1', 'DReb': '0', 'Rebounds': '1', 'Assists': '2', 'Steals': '0', 'Blocked Shots': '0', 'Turnovers': '0', 'PF': '1', '+/-': '-11', 'Points': '3', '3-PT Made': '1', 'Pts+Asts': '5', 'Pts+Rebs': '4', 'Pts+Rebs+Asts': '6', 'Rebs+Asts': '3', 'Blks+Stls': '0', 'DNP': False, 'id': '4065879'}, {'name': 'E. Prince', 'Team': 'New York Liberty', 'Min': '0', 'FG': '0-0', '3PT': '0-0', 'FT': '0-0', 'OReb': '0', 'DReb': '0', 'Rebounds': '0', 'Assists': '0', 'Steals': '0', 'Blocked Shots': '0', 'Turnovers': '0', 'PF': '0', '+/-': '0', 'Points': '0', '3-PT Made': '0', 'Pts+Asts': '0', 'Pts+Rebs': '0', 'Pts+Rebs+Asts': '0', 'Rebs+Asts': '0', 'Blks+Stls': '0', 'DNP': True, 'id': '882'}]}","{'Away': ['25', '26', '18', '18'], 'Home': ['11', '24', '15', '29'], 'Labels': [1, 2, 3, 4]}",False,wnba,20230730
Dallas Wings@Las Vegas Aces,"{'homeShort': 'LV', 'homeTeam': 'Las Vegas Aces', 'homeStarters': [{'name': 'K. Stokes', 'Team': 'Las Vegas Aces', 'Min': '17', 'FG': '2-4', '3PT': '0-0', 'FT': '0-0', 'OReb': '0', 'DReb': '4', 'Rebounds': '4', 'Assists': '0', 'Steals': '1', 'Blocked Shots': '0', 'Turnovers': '0', 'PF': '4', '+/-': '+5', 'Points': '4', '3-PT Made': '0', 'Pts+Asts': '4', 'Pts+Rebs': '8', 'Pts+Rebs+Asts': '8', 'Rebs+Asts': '4', 'Blks+Stls': '1', 'DNP': False, 'id': '2590093'}, {'name': 'A. Wilson', 'Team': 'Las Vegas Aces', 'Min': '36', 'FG': '7-15', '3PT': '1-3', 'FT': '7-7', 'OReb': '1', 'DReb': '6', 'Rebounds': '7', 'Assists': '1', 'Steals': '0', 'Blocked Shots': '6', 'Turnovers': '1', 'PF': '3', '+/-': '+19', 'Points': '22', '3-PT Made': '1', 'Pts+Asts': '23', 'Pts+Rebs': '29', 'Pts+Rebs+Asts': '30', 'Rebs+Asts': '8', 'Blks+Stls': '6', 'DNP': False, 'id': '3149391'}, {'name': 'C. Gray', 'Team': 'Las Vegas Aces', 'Min': '36', 'FG': '7-12', '3PT': '3-5', 'FT': '10-11', 'OReb': '0', 'DReb': '5', 'Rebounds': '5', 'Assists': '8', 'Steals': '1', 'Blocked Shots': '0', 'Turnovers': '3', 'PF': '2', '+/-': '+24', 'Points': '27', '3-PT Made': '3', 'Pts+Asts': '35', 'Pts+Rebs': '32', 'Pts+Rebs+Asts': '40', 'Rebs+Asts': '13', 'Blks+Stls': '1', 'DNP': False, 'id': '2529122'}, {'name': 'K. Plum', 'Team': 'Las Vegas Aces', 'Min': '36', 'FG': '8-14', '3PT': '4-7', 'FT': '8-8', 'OReb': '1', 'DReb': '5', 'Rebounds': '6', 'Assists': '3', 'Steals': '1', 'Blocked Shots': '0', 'Turnovers': '2', 'PF': '1', '+/-': '+19', 'Points': '28', '3-PT Made': '4', 'Pts+Asts': '31', 'Pts+Rebs': '34', 'Pts+Rebs+Asts': '37', 'Rebs+Asts': '9', 'Blks+Stls': '1', 'DNP': False, 'id': '3065570'}, {'name': 'J. Young', 'Team': 'Las Vegas Aces', 'Min': '34', 'FG': '3-10', '3PT': '1-5', 'FT': '2-2', 'OReb': '0', 'DReb': '3', 'Rebounds': '3', 'Assists': '5', 'Steals': '1', 'Blocked Shots': '1', 'Turnovers': '2', 'PF': '1', '+/-': '+9', 'Points': '9', '3-PT Made': '1', 'Pts+Asts': '14', 'Pts+Rebs': '12', 'Pts+Rebs+Asts': '17', 'Rebs+Asts': '8', 'Blks+Stls': '2', 'DNP': False, 'id': '4065870'}], 'homeBench': [{'name': 'A. Clark', 'Team': 'Las Vegas Aces', 'Min': '23', 'FG': '4-6', '3PT': '4-4', 'FT': '0-0', 'OReb': '1', 'DReb': '3', 'Rebounds': '4', 'Assists': '0', 'Steals': '0', 'Blocked Shots': '0', 'Turnovers': '0', 'PF': '3', '+/-': '+6', 'Points': '12', '3-PT Made': '4', 'Pts+Asts': '12', 'Pts+Rebs': '16', 'Pts+Rebs+Asts': '16', 'Rebs+Asts': '4', 'Blks+Stls': '0', 'DNP': False, 'id': '924'}, {'name': 'C. George', 'Team': 'Las Vegas Aces', 'Min': '6', 'FG': '0-2', '3PT': '0-1', 'FT': '0-0', 'OReb': '0', 'DReb': '1', 'Rebounds': '1', 'Assists': '0', 'Steals': '0', 'Blocked Shots': '0', 'Turnovers': '0', 'PF': '1', '+/-': '-1', 'Points': '0', '3-PT Made': '0', 'Pts+Asts': '0', 'Pts+Rebs': '1', 'Pts+Rebs+Asts': '1', 'Rebs+Asts': '1', 'Blks+Stls': '0', 'DNP': False, 'id': '3888043'}, {'name': 'K. Bell', 'Team': 'Las Vegas Aces', 'Min': '11', 'FG': '1-1', '3PT': '0-0', 'FT': '0-0', 'OReb': '0', 'DReb': '0', 'Rebounds': '0', 'Assists': '0', 'Steals': '1', 'Blocked Shots': '0', 'Turnovers': '0', 'PF': '3', '+/-': '-16', 'Points': '2', '3-PT Made': '0', 'Pts+Asts': '2', 'Pts+Rebs': '2', 'Pts+Rebs+Asts': '2', 'Rebs+Asts': '0', 'Blks+Stls': '1', 'DNP': False, 'id': '4433633'}, {'name': 'S. Colson', 'Team': 'Las Vegas Aces', 'Min': '0', 'FG': '0-0', '3PT': '0-0', 'FT': '0-0', 'OReb': '0', 'DReb': '0', 'Rebounds': '0', 'Assists': '0', 'Steals': '0', 'Blocked Shots': '0', 'Turnovers': '0', 'PF': '0', '+/-': '0', 'Points': '0', '3-PT Made': '0', 'Pts+Asts': '0', 'Pts+Rebs': '0', 'Pts+Rebs+Asts': '0', 'Rebs+Asts': '0', 'Blks+Stls': '0', 'DNP': True, 'id': '1004'}, {'name': 'A. Joens', 'Team': 'Las Vegas Aces', 'Min': '0', 'FG': '0-0', '3PT': '0-0', 'FT': '0-0', 'OReb': '0', 'DReb': '0', 'Rebounds': '0', 'Assists': '0', 'Steals': '0', 'Blocked Shots': '0', 'Turnovers': '0', 'PF': '0', '+/-': '0', 'Points': '0', '3-PT Made': '0', 'Pts+Asts': '0', 'Pts+Rebs': '0', 'Pts+Rebs+Asts': '0', 'Rebs+Asts': '0', 'Blks+Stls': '0', 'DNP': True, 'id': '4398802'}], 'players': [{'name': 'K. Stokes', 'Team': 'Las Vegas Aces', 'Min': '17', 'FG': '2-4', '3PT': '0-0', 'FT': '0-0', 'OReb': '0', 'DReb': '4', 'Rebounds': '4', 'Assists': '0', 'Steals': '1', 'Blocked Shots': '0', 'Turnovers': '0', 'PF': '4', '+/-': '+5', 'Points': '4', '3-PT Made': '0', 'Pts+Asts': '4', 'Pts+Rebs': '8', 'Pts+Rebs+Asts': '8', 'Rebs+Asts': '4', 'Blks+Stls': '1', 'DNP': False, 'id': '2590093'}, {'name': 'A. Wilson', 'Team': 'Las Vegas Aces', 'Min': '36', 'FG': '7-15', '3PT': '1-3', 'FT': '7-7', 'OReb': '1', 'DReb': '6', 'Rebounds': '7', 'Assists': '1', 'Steals': '0', 'Blocked Shots': '6', 'Turnovers': '1', 'PF': '3', '+/-': '+19', 'Points': '22', '3-PT Made': '1', 'Pts+Asts': '23', 'Pts+Rebs': '29', 'Pts+Rebs+Asts': '30', 'Rebs+Asts': '8', 'Blks+Stls': '6', 'DNP': False, 'id': '3149391'}, {'name': 'C. Gray', 'Team': 'Las Vegas Aces', 'Min': '36', 'FG': '7-12', '3PT': '3-5', 'FT': '10-11', 'OReb': '0', 'DReb': '5', 'Rebounds': '5', 'Assists': '8', 'Steals': '1', 'Blocked Shots': '0', 'Turnovers': '3', 'PF': '2', '+/-': '+24', 'Points': '27', '3-PT Made': '3', 'Pts+Asts': '35', 'Pts+Rebs': '32', 'Pts+Rebs+Asts': '40', 'Rebs+Asts': '13', 'Blks+Stls': '1', 'DNP': False, 'id': '2529122'}, {'name': 'K. Plum', 'Team': 'Las Vegas Aces', 'Min': '36', 'FG': '8-14', '3PT': '4-7', 'FT': '8-8', 'OReb': '1', 'DReb': '5', 'Rebounds': '6', 'Assists': '3', 'Steals': '1', 'Blocked Shots': '0', 'Turnovers': '2', 'PF': '1', '+/-': '+19', 'Points': '28', '3-PT Made': '4', 'Pts+Asts': '31', 'Pts+Rebs': '34', 'Pts+Rebs+Asts': '37', 'Rebs+Asts': '9', 'Blks+Stls': '1', 'DNP': False, 'id': '3065570'}, {'name': 'J. Young', 'Team': 'Las Vegas Aces', 'Min': '34', 'FG': '3-10', '3PT': '1-5', 'FT': '2-2', 'OReb': '0', 'DReb': '3', 'Rebounds': '3', 'Assists': '5', 'Steals': '1', 'Blocked Shots': '1', 'Turnovers': '2', 'PF': '1', '+/-': '+9', 'Points': '9', '3-PT Made': '1', 'Pts+Asts': '14', 'Pts+Rebs': '12', 'Pts+Rebs+Asts': '17', 'Rebs+Asts': '8', 'Blks+Stls': '2', 'DNP': False, 'id': '4065870'}, {'name': 'A. Clark', 'Team': 'Las Vegas Aces', 'Min': '23', 'FG': '4-6', '3PT': '4-4', 'FT': '0-0', 'OReb': '1', 'DReb': '3', 'Rebounds': '4', 'Assists': '0', 'Steals': '0', 'Blocked Shots': '0', 'Turnovers': '0', 'PF': '3', '+/-': '+6', 'Points': '12', '3-PT Made': '4', 'Pts+Asts': '12', 'Pts+Rebs': '16', 'Pts+Rebs+Asts': '16', 'Rebs+Asts': '4', 'Blks+Stls': '0', 'DNP': False, 'id': '924'}, {'name': 'C. George', 'Team': 'Las Vegas Aces', 'Min': '6', 'FG': '0-2', '3PT': '0-1', 'FT': '0-0', 'OReb': '0', 'DReb': '1', 'Rebounds': '1', 'Assists': '0', 'Steals': '0', 'Blocked Shots': '0', 'Turnovers': '0', 'PF': '1', '+/-': '-1', 'Points': '0', '3-PT Made': '0', 'Pts+Asts': '0', 'Pts+Rebs': '1', 'Pts+Rebs+Asts': '1', 'Rebs+Asts': '1', 'Blks+Stls': '0', 'DNP': False, 'id': '3888043'}, {'name': 'K. Bell', 'Team': 'Las Vegas Aces', 'Min': '11', 'FG': '1-1', '3PT': '0-0', 'FT': '0-0', 'OReb': '0', 'DReb': '0', 'Rebounds': '0', 'Assists': '0', 'Steals': '1', 'Blocked Shots': '0', 'Turnovers': '0', 'PF': '3', '+/-': '-16', 'Points': '2', '3-PT Made': '0', 'Pts+Asts': '2', 'Pts+Rebs': '2', 'Pts+Rebs+Asts': '2', 'Rebs+Asts': '0', 'Blks+Stls': '1', 'DNP': False, 'id': '4433633'}, {'name': 'S. Colson', 'Team': 'Las Vegas Aces', 'Min': '0', 'FG': '0-0', '3PT': '0-0', 'FT': '0-0', 'OReb': '0', 'DReb': '0', 'Rebounds': '0', 'Assists': '0', 'Steals': '0', 'Blocked Shots': '0', 'Turnovers': '0', 'PF': '0', '+/-': '0', 'Points': '0', '3-PT Made': '0', 'Pts+Asts': '0', 'Pts+Rebs': '0', 'Pts+Rebs+Asts': '0', 'Rebs+Asts': '0', 'Blks+Stls': '0', 'DNP': True, 'id': '1004'}, {'name': 'A. Joens', 'Team': 'Las Vegas Aces', 'Min': '0', 'FG': '0-0', '3PT': '0-0', 'FT': '0-0', 'OReb': '0', 'DReb': '0', 'Rebounds': '0', 'Assists': '0', 'Steals': '0', 'Blocked Shots': '0', 'Turnovers': '0', 'PF': '0', '+/-': '0', 'Points': '0', '3-PT Made': '0', 'Pts+Asts': '0', 'Pts+Rebs': '0', 'Pts+Rebs+Asts': '0', 'Rebs+Asts': '0', 'Blks+Stls': '0', 'DNP': True, 'id': '4398802'}]}","{'awayShort': 'DAL', 'awayTeam': 'Dallas Wings', 'awayStarters': [{'name': 'N. Howard', 'Team': 'Dallas Wings', 'Min': '37', 'FG': '3-8', '3PT': '1-1', 'FT': '6-9', 'OReb': '2', 'DReb': '9', 'Rebounds': '11', 'Assists': '2', 'Steals': '0', 'Blocked Shots': '1', 'Turnovers': '4', 'PF': '4', '+/-': '-10', 'Points': '13', '3-PT Made': '1', 'Pts+Asts': '15', 'Pts+Rebs': '24', 'Pts+Rebs+Asts': '26', 'Rebs+Asts': '13', 'Blks+Stls': '1', 'DNP': False, 'id': '2529130'}, {'name': 'S. Sabally', 'Team': 'Dallas Wings', 'Min': '37', 'FG': '8-18', '3PT': '3-5', 'FT': '0-1', 'OReb': '2', 'DReb': '4', 'Rebounds': '6', 'Assists': '3', 'Steals': '3', 'Blocked Shots': '1', 'Turnovers': '4', 'PF': '5', '+/-': '-7', 'Points': '19', '3-PT Made': '3', 'Pts+Asts': '22', 'Pts+Rebs': '25', 'Pts+Rebs+Asts': '28', 'Rebs+Asts': '9', 'Blks+Stls': '4', 'DNP': False, 'id': '4281929'}, {'name': 'T. McCowan', 'Team': 'Dallas Wings', 'Min': '32', 'FG': '11-14', '3PT': '0-0', 'FT': '3-4', 'OReb': '8', 'DReb': '6', 'Rebounds': '14', 'Assists': '2', 'Steals': '1', 'Blocked Shots': '1', 'Turnovers': '1', 'PF': '3', '+/-': '-1', 'Points': '25', '3-PT Made': '0', 'Pts+Asts': '27', 'Pts+Rebs': '39', 'Pts+Rebs+Asts': '41', 'Rebs+Asts': '16', 'Blks+Stls': '2', 'DNP': False, 'id': '3913903'}, {'name': 'A. Ogunbowale', 'Team': 'Dallas Wings', 'Min': '40', 'FG': '6-18', '3PT': '2-7', 'FT': '0-3', 'OReb': '0', 'DReb': '5', 'Rebounds': '5', 'Assists': '5', 'Steals': '4', 'Blocked Shots': '0', 'Turnovers': '4', 'PF': '2', '+/-': '-13', 'Points': '14', '3-PT Made': '2', 'Pts+Asts': '19', 'Pts+Rebs': '19', 'Pts+Rebs+Asts': '24', 'Rebs+Asts': '10', 'Blks+Stls': '4', 'DNP': False, 'id': '3904577'}, {'name': 'C. Dangerfield', 'Team': 'Dallas Wings', 'Min': '30', 'FG': '4-10', '3PT': '1-4', 'FT': '0-0', 'OReb': '0', 'DReb': '1', 'Rebounds': '1', 'Assists': '3', 'Steals': '0', 'Blocked Shots': '0', 'Turnovers': '0', 'PF': '1', '+/-': '-4', 'Points': '9', '3-PT Made': '1', 'Pts+Asts': '12', 'Pts+Rebs': '10', 'Pts+Rebs+Asts': '13', 'Rebs+Asts': '4', 'Blks+Stls': '0', 'DNP': False, 'id': '4066585'}], 'awayBench': [{'name': 'M. Siegrist', 'Team': 'Dallas Wings', 'Min': '0', 'FG': '0-0', '3PT': '0-0', 'FT': '0-0', 'OReb': '0', 'DReb': '0', 'Rebounds': '0', 'Assists': '0', 'Steals': '0', 'Blocked Shots': '0', 'Turnovers': '0', 'PF': '0', '+/-': '-3', 'Points': '0', '3-PT Made': '0', 'Pts+Asts': '0', 'Pts+Rebs': '0', 'Pts+Rebs+Asts': '0', 'Rebs+Asts': '0', 'Blks+Stls': '0', 'DNP': False, 'id': '4399415'}, {'name': 'A. Kuier', 'Team': 'Dallas Wings', 'Min': '6', 'FG': '0-1', '3PT': '0-0', 'FT': '1-2', 'OReb': '0', 'DReb': '1', 'Rebounds': '1', 'Assists': '0', 'Steals': '0', 'Blocked Shots': '0', 'Turnovers': '0', 'PF': '0', '+/-': '-6', 'Points': '1', '3-PT Made': '0', 'Pts+Asts': '1', 'Pts+Rebs': '2', 'Pts+Rebs+Asts': '2', 'Rebs+Asts': '1', 'Blks+Stls': '0', 'DNP': False, 'id': '4790266'}, {'name': 'K. Brown', 'Team': 'Dallas Wings', 'Min': '9', 'FG': '4-8', '3PT': '0-0', 'FT': '2-2', 'OReb': '3', 'DReb': '0', 'Rebounds': '3', 'Assists': '0', 'Steals': '0', 'Blocked Shots': '0', 'Turnovers': '1', 'PF': '4', '+/-': '-12', 'Points': '10', '3-PT Made': '0', 'Pts+Asts': '10', 'Pts+Rebs': '13', 'Pts+Rebs+Asts': '13', 'Rebs+Asts': '3', 'Blks+Stls': '0', 'DNP': False, 'id': '3916514'}, {'name': 'O. Sims', 'Team': 'Dallas Wings', 'Min': '4', 'FG': '0-0', '3PT': '0-0', 'FT': '0-0', 'OReb': '0', 'DReb': '0', 'Rebounds': '0', 'Assists': '2', 'Steals': '0', 'Blocked Shots': '0', 'Turnovers': '2', 'PF': '3', '+/-': '-9', 'Points': '0', '3-PT Made': '0', 'Pts+Asts': '2', 'Pts+Rebs': '0', 'Pts+Rebs+Asts': '2', 'Rebs+Asts': '2', 'Blks+Stls': '0', 'DNP': False, 'id': '2529047'}, {'name': 'V. Burton', 'Team': 'Dallas Wings', 'Min': '5', 'FG': '0-1', '3PT': '0-1', 'FT': '0-0', 'OReb': '0', 'DReb': '0', 'Rebounds': '0', 'Assists': '1', 'Steals': '0', 'Blocked Shots': '0', 'Turnovers': '0', 'PF': '1', '+/-': '0', 'Points': '0', '3-PT Made': '0', 'Pts+Asts': '1', 'Pts+Rebs': '0', 'Pts+Rebs+Asts': '1', 'Rebs+Asts': '1', 'Blks+Stls': '0', 'DNP': False, 'id': '4398935'}], 'players': [{'name': 'N. Howard', 'Team': 'Dallas Wings', 'Min': '37', 'FG': '3-8', '3PT': '1-1', 'FT': '6-9', 'OReb': '2', 'DReb': '9', 'Rebounds': '11', 'Assists': '2', 'Steals': '0', 'Blocked Shots': '1', 'Turnovers': '4', 'PF': '4', '+/-': '-10', 'Points': '13', '3-PT Made': '1', 'Pts+Asts': '15', 'Pts+Rebs': '24', 'Pts+Rebs+Asts': '26', 'Rebs+Asts': '13', 'Blks+Stls': '1', 'DNP': False, 'id': '2529130'}, {'name': 'S. Sabally', 'Team': 'Dallas Wings', 'Min': '37', 'FG': '8-18', '3PT': '3-5', 'FT': '0-1', 'OReb': '2', 'DReb': '4', 'Rebounds': '6', 'Assists': '3', 'Steals': '3', 'Blocked Shots': '1', 'Turnovers': '4', 'PF': '5', '+/-': '-7', 'Points': '19', '3-PT Made': '3', 'Pts+Asts': '22', 'Pts+Rebs': '25', 'Pts+Rebs+Asts': '28', 'Rebs+Asts': '9', 'Blks+Stls': '4', 'DNP': False, 'id': '4281929'}, {'name': 'T. McCowan', 'Team': 'Dallas Wings', 'Min': '32', 'FG': '11-14', '3PT': '0-0', 'FT': '3-4', 'OReb': '8', 'DReb': '6', 'Rebounds': '14', 'Assists': '2', 'Steals': '1', 'Blocked Shots': '1', 'Turnovers': '1', 'PF': '3', '+/-': '-1', 'Points': '25', '3-PT Made': '0', 'Pts+Asts': '27', 'Pts+Rebs': '39', 'Pts+Rebs+Asts': '41', 'Rebs+Asts': '16', 'Blks+Stls': '2', 'DNP': False, 'id': '3913903'}, {'name': 'A. Ogunbowale', 'Team': 'Dallas Wings', 'Min': '40', 'FG': '6-18', '3PT': '2-7', 'FT': '0-3', 'OReb': '0', 'DReb': '5', 'Rebounds': '5', 'Assists': '5', 'Steals': '4', 'Blocked Shots': '0', 'Turnovers': '4', 'PF': '2', '+/-': '-13', 'Points': '14', '3-PT Made': '2', 'Pts+Asts': '19', 'Pts+Rebs': '19', 'Pts+Rebs+Asts': '24', 'Rebs+Asts': '10', 'Blks+Stls': '4', 'DNP': False, 'id': '3904577'}, {'name': 'C. Dangerfield', 'Team': 'Dallas Wings', 'Min': '30', 'FG': '4-10', '3PT': '1-4', 'FT': '0-0', 'OReb': '0', 'DReb': '1', 'Rebounds': '1', 'Assists': '3', 'Steals': '0', 'Blocked Shots': '0', 'Turnovers': '0', 'PF': '1', '+/-': '-4', 'Points': '9', '3-PT Made': '1', 'Pts+Asts': '12', 'Pts+Rebs': '10', 'Pts+Rebs+Asts': '13', 'Rebs+Asts': '4', 'Blks+Stls': '0', 'DNP': False, 'id': '4066585'}, {'name': 'M. Siegrist', 'Team': 'Dallas Wings', 'Min': '0', 'FG': '0-0', '3PT': '0-0', 'FT': '0-0', 'OReb': '0', 'DReb': '0', 'Rebounds': '0', 'Assists': '0', 'Steals': '0', 'Blocked Shots': '0', 'Turnovers': '0', 'PF': '0', '+/-': '-3', 'Points': '0', '3-PT Made': '0', 'Pts+Asts': '0', 'Pts+Rebs': '0', 'Pts+Rebs+Asts': '0', 'Rebs+Asts': '0', 'Blks+Stls': '0', 'DNP': False, 'id': '4399415'}, {'name': 'A. Kuier', 'Team': 'Dallas Wings', 'Min': '6', 'FG': '0-1', '3PT': '0-0', 'FT': '1-2', 'OReb': '0', 'DReb': '1', 'Rebounds': '1', 'Assists': '0', 'Steals': '0', 'Blocked Shots': '0', 'Turnovers': '0', 'PF': '0', '+/-': '-6', 'Points': '1', '3-PT Made': '0', 'Pts+Asts': '1', 'Pts+Rebs': '2', 'Pts+Rebs+Asts': '2', 'Rebs+Asts': '1', 'Blks+Stls': '0', 'DNP': False, 'id': '4790266'}, {'name': 'K. Brown', 'Team': 'Dallas Wings', 'Min': '9', 'FG': '4-8', '3PT': '0-0', 'FT': '2-2', 'OReb': '3', 'DReb': '0', 'Rebounds': '3', 'Assists': '0', 'Steals': '0', 'Blocked Shots': '0', 'Turnovers': '1', 'PF': '4', '+/-': '-12', 'Points': '10', '3-PT Made': '0', 'Pts+Asts': '10', 'Pts+Rebs': '13', 'Pts+Rebs+Asts': '13', 'Rebs+Asts': '3', 'Blks+Stls': '0', 'DNP': False, 'id': '3916514'}, {'name': 'O. Sims', 'Team': 'Dallas Wings', 'Min': '4', 'FG': '0-0', '3PT': '0-0', 'FT': '0-0', 'OReb': '0', 'DReb': '0', 'Rebounds': '0', 'Assists': '2', 'Steals': '0', 'Blocked Shots': '0', 'Turnovers': '2', 'PF': '3', '+/-': '-9', 'Points': '0', '3-PT Made': '0', 'Pts+Asts': '2', 'Pts+Rebs': '0', 'Pts+Rebs+Asts': '2', 'Rebs+Asts': '2', 'Blks+Stls': '0', 'DNP': False, 'id': '2529047'}, {'name': 'V. Burton', 'Team': 'Dallas Wings', 'Min': '5', 'FG': '0-1', '3PT': '0-1', 'FT': '0-0', 'OReb': '0', 'DReb': '0', 'Rebounds': '0', 'Assists': '1', 'Steals': '0', 'Blocked Shots': '0', 'Turnovers': '0', 'PF': '1', '+/-': '0', 'Points': '0', '3-PT Made': '0', 'Pts+Asts': '1', 'Pts+Rebs': '0', 'Pts+Rebs+Asts': '1', 'Rebs+Asts': '1', 'Blks+Stls': '0', 'DNP': False, 'id': '4398935'}]}","{'Away': ['20', '21', '31', '19'], 'Home': ['35', '23', '21', '25'], 'Labels': [1, 2, 3, 4]}",False,wnba,20230730
Los Angeles Angels@Toronto Blue Jays,"{'homeShort': 'TOR', 'homeTeam': 'Toronto Blue Jays', 'homeHitters': [{'name': 'W. Merrifield', 'Team': 'Toronto Blue Jays', 'AB': '5', 'Runs': '0', 'Hits': '1', 'RBIs': '1', 'Home Runs': '0', 'Walks': '0', 'Strikeouts': '0', 'AVG': '.304', 'OBP': '.353', 'SLG': '.425', 'Hits+Runs+RBIS': '2', 'Stolen Bases': '0', 'Doubles': '0', 'Triples': '0', 'id': '32422', 'Sac Hits': '0', 'Sac Flies': '0', 'Hit by Pitch': '0', 'Bases on Defensive Interference': '0', 'Total Bases': '1', 'Singles': '1'}, {'name': 'B. Bichette', 'Team': 'Toronto Blue Jays', 'AB': '4', 'Runs': '1', 'Hits': '1', 'RBIs': '0', 'Home Runs': '0', 'Walks': '1', 'Strikeouts': '0', 'AVG': '.318', 'OBP': '.350', 'SLG': '.492', 'Hits+Runs+RBIS': '2', 'Stolen Bases': '0', 'Doubles': '0', 'Triples': '0', 'id': '38904', 'Sac Hits': '0', 'Sac Flies': '0', 'Hit by Pitch': '0', 'Bases on Defensive Interference': '0', 'Total Bases': '1', 'Singles': '1'}, {'name': 'V. Guerrero Jr.', 'Team': 'Toronto Blue Jays', 'AB': '4', 'Runs': '0', 'Hits': '2', 'RBIs': '1', 'Home Runs': '0', 'Walks': '1', 'Strikeouts': '0', 'AVG': '.270', 'OBP': '.344', 'SLG': '.450', 'Hits+Runs+RBIS': '3', 'Stolen Bases': '0', 'Doubles': '0', 'Triples': '0', 'id': '35002', 'Sac Hits': '0', 'Sac Flies': '0', 'Hit by Pitch': '0', 'Bases on Defensive Interference': '0', 'Total Bases': '2', 'Singles': '2'}, {'name': 'K. Kiermaier', 'Team': 'Toronto Blue Jays', 'AB': '0', 'Runs': '0', 'Hits': '0', 'RBIs': '0', 'Home Runs': '0', 'Walks': '0', 'Strikeouts': '0', 'AVG': '.276', 'OBP': '.338', 'SLG': '.425', 'Hits+Runs+RBIS': '0', 'Stolen Bases': '0', 'Doubles': '0', 'Triples': '0', 'id': '31446', 'Sac Hits': '0', 'Sac Flies': '0', 'Hit by Pitch': '0', 'Bases on Defensive Interference': '0', 'Total Bases': '0', 'Singles': '0'}, {'name': 'M. Chapman', 'Team': 'Toronto Blue Jays', 'AB': '4', 'Runs': '0', 'Hits': '1', 'RBIs': '0', 'Home Runs': '0', 'Walks': '1', 'Strikeouts': '1', 'AVG': '.261', 'OBP': '.355', 'SLG': '.465', 'Hits+Runs+RBIS': '1', 'Stolen Bases': '0', 'Doubles': '1', 'Triples': '0', 'id': '33857', 'Sac Hits': '0', 'Sac Flies': '0', 'Hit by Pitch': '0', 'Bases on Defensive Interference': '0', 'Total Bases': '2', 'Singles': '0'}, {'name': 'G. Springer', 'Team': 'Toronto Blue Jays', 'AB': '5', 'Runs': '0', 'Hits': '0', 'RBIs': '0', 'Home Runs': '0', 'Walks': '0', 'Strikeouts': '1', 'AVG': '.249', 'OBP': '.317', 'SLG': '.384', 'Hits+Runs+RBIS': '0', 'Stolen Bases': '0', 'Doubles': '0', 'Triples': '0', 'id': '32078', 'Sac Hits': '0', 'Sac Flies': '0', 'Hit by Pitch': '0', 'Bases on Defensive Interference': '0', 'Total Bases': '0', 'Singles': '0'}, {'name': 'A. Kirk', 'Team': 'Toronto Blue Jays', 'AB': '3', 'Runs': '0', 'Hits': '0', 'RBIs': '0', 'Home Runs': '0', 'Walks': '1', 'Strikeouts': '0', 'AVG': '.256', 'OBP': '.337', 'SLG': '.359', 'Hits+Runs+RBIS': '0', 'Stolen Bases': '0', 'Doubles': '0', 'Triples': '0', 'id': '42081', 'Sac Hits': '0', 'Sac Flies': '0', 'Hit by Pitch': '0', 'Bases on Defensive Interference': '0', 'Total Bases': '0', 'Singles': '0'}, {'name': 'C. Biggio', 'Team': 'Toronto Blue Jays', 'AB': '1', 'Runs': '0', 'Hits': '0', 'RBIs': '0', 'Home Runs': '0', 'Walks': '0', 'Strikeouts': '1', 'AVG': '.216', 'OBP': '.298', 'SLG': '.386', 'Hits+Runs+RBIS': '0', 'Stolen Bases': '0', 'Doubles': '0', 'Triples': '0', 'id': '37639', 'Sac Hits': '0', 'Sac Flies': '0', 'Hit by Pitch': '0', 'Bases on Defensive Interference': '0', 'Total Bases': '0', 'Singles': '0'}, {'name': 'D. Jansen', 'Team': 'Toronto Blue Jays', 'AB': '5', 'Runs': '0', 'Hits': '0', 'RBIs': '0', 'Home Runs': '0', 'Walks': '0', 'Strikeouts': '0', 'AVG': '.228', 'OBP': '.291', 'SLG': '.479', 'Hits+Runs+RBIS': '0', 'Stolen Bases': '0', 'Doubles': '0', 'Triples': '0', 'id': '35004', 'Sac Hits': '0', 'Sac Flies': '0', 'Hit by Pitch': '0', 'Bases on Defensive Interference': '0', 'Total Bases': '0', 'Singles': '0'}, {'name': 'S. Espinal', 'Team': 'Toronto Blue Jays', 'AB': '4', 'Runs': '0', 'Hits': '1', 'RBIs': '0', 'Home Runs': '0', 'Walks': '0', 'Strikeouts': '1', 'AVG': '.233', 'OBP': '.304', 'SLG': '.322', 'Hits+Runs+RBIS': '1', 'Stolen Bases': '0', 'Doubles': '0', 'Triples': '0', 'id': '39924', 'Sac Hits': '0', 'Sac Flies': '0', 'Hit by Pitch': '0', 'Bases on Defensive Interference': '0', 'Total Bases': '1', 'Singles': '1'}, {'name': 'D. Varsho', 'Team': 'Toronto Blue Jays', 'AB': '4', 'Runs': '1', 'Hits': '2', 'RBIs': '0', 'Home Runs': '0', 'Walks': '0', 'Strikeouts': '0', 'AVG': '.214', 'OBP': '.276', 'SLG': '.358', 'Hits+Runs+RBIS': '3', 'Stolen Bases': '0', 'Doubles': '2', 'Triples': '0', 'id': '40963', 'Sac Hits': '0', 'Sac Flies': '0', 'Hit by Pitch': '0', 'Bases on Defensive Interference': '0', 'Total Bases': '4', 'Singles': '0'}], 'homePitchers': [{'name': 'J. Berrios', 'Team': 'Toronto Blue Jays', 'Pitching Outs': 18, 'Hits Allowed': '6', 'Total Runs Allowed': '1', 'Runs Allowed': '1', 'Walks Allowed': '2', 'Strikeouts': '6', 'HR': '0', 'PC-ST': '98-65', 'ERA': '3.31', 'Stolen Bases': '0', 'Doubles': '0', 'Triples': '0', 'Home Runs': '0', 'id': '32811', 'Sac Hits': '0', 'Sac Flies': '0', 'Hit by Pitch': '0', 'Bases on Defensive Interference': '0'}, {'name': 'G. Cabrera', 'Team': 'Toronto Blue Jays', 'Pitching Outs': 4, 'Hits Allowed': '0', 'Total Runs Allowed': '0', 'Runs Allowed': '0', 'Walks Allowed': '0', 'Strikeouts': '0', 'HR': '0', 'PC-ST': '13-9', 'ERA': '4.38', 'Stolen Bases': '0', 'Doubles': '0', 'Triples': '0', 'Home Runs': '0', 'id': '41061', 'Sac Hits': '0', 'Sac Flies': '0', 'Hit by Pitch': '0', 'Bases on Defensive Interference': '0'}, {'name': 'J. Jackson', 'Team': 'Toronto Blue Jays', 'Pitching Outs': 2, 'Hits Allowed': '1', 'Total Runs Allowed': '0', 'Runs Allowed': '0', 'Walks Allowed': '0', 'Strikeouts': '1', 'HR': '0', 'PC-ST': '11-8', 'ERA': '0.53', 'Stolen Bases': '0', 'Doubles': '0', 'Triples': '0', 'Home Runs': '0', 'id': '30705', 'Sac Hits': '0', 'Sac Flies': '0', 'Hit by Pitch': '0', 'Bases on Defensive Interference': '0'}, {'name': 'T. Mayza', 'Team': 'Toronto Blue Jays', 'Pitching Outs': 3, 'Hits Allowed': '0', 'Total Runs Allowed': '0', 'Runs Allowed': '0', 'Walks Allowed': '2', 'Strikeouts': '0', 'HR': '0', 'PC-ST': '12-6', 'ERA': '1.22', 'Stolen Bases': '0', 'Doubles': '0', 'Triples': '0', 'Home Runs': '0', 'id': '35773', 'Sac Hits': '0', 'Sac Flies': '0', 'Hit by Pitch': '0', 'Bases on Defensive Interference': '0'}, {'name': 'Y. Garcia', 'Team': 'Toronto Blue Jays', 'Pitching Outs': 3, 'Hits Allowed': '1', 'Total Runs Allowed': '2', 'Runs Allowed': '1', 'Walks Allowed': '0', 'Strikeouts': '1', 'HR': '1', 'PC-ST': '14-10', 'ERA': '4.40', 'Extra': 'L, 3-4', 'Stolen Bases': '0', 'Doubles': '0', 'Triples': '0', 'Home Runs': '0', 'id': '32888', 'Sac Hits': '0', 'Sac Flies': '0', 'Hit by Pitch': '0', 'Bases on Defensive Interference': '0'}], 'players': [{'name': 'W. Merrifield', 'Team': 'Toronto Blue Jays', 'AB': '5', 'Runs': '0', 'Hits': '1', 'RBIs': '1', 'Home Runs': '0', 'Walks': '0', 'Strikeouts': '0', 'AVG': '.304', 'OBP': '.353', 'SLG': '.425', 'Hits+Runs+RBIS': '2', 'Stolen Bases': '0', 'Doubles': '0', 'Triples': '0', 'id': '32422', 'Sac Hits': '0', 'Sac Flies': '0', 'Hit by Pitch': '0', 'Bases on Defensive Interference': '0', 'Total Bases': '1', 'Singles': '1'}, {'name': 'B. Bichette', 'Team': 'Toronto Blue Jays', 'AB': '4', 'Runs': '1', 'Hits': '1', 'RBIs': '0', 'Home Runs': '0', 'Walks': '1', 'Strikeouts': '0', 'AVG': '.318', 'OBP': '.350', 'SLG': '.492', 'Hits+Runs+RBIS': '2', 'Stolen Bases': '0', 'Doubles': '0', 'Triples': '0', 'id': '38904', 'Sac Hits': '0', 'Sac Flies': '0', 'Hit by Pitch': '0', 'Bases on Defensive Interference': '0', 'Total Bases': '1', 'Singles': '1'}, {'name': 'V. Guerrero Jr.', 'Team': 'Toronto Blue Jays', 'AB': '4', 'Runs': '0', 'Hits': '2', 'RBIs': '1', 'Home Runs': '0', 'Walks': '1', 'Strikeouts': '0', 'AVG': '.270', 'OBP': '.344', 'SLG': '.450', 'Hits+Runs+RBIS': '3', 'Stolen Bases': '0', 'Doubles': '0', 'Triples': '0', 'id': '35002', 'Sac Hits': '0', 'Sac Flies': '0', 'Hit by Pitch': '0', 'Bases on Defensive Interference': '0', 'Total Bases': '2', 'Singles': '2'}, {'name': 'K. Kiermaier', 'Team': 'Toronto Blue Jays', 'AB': '0', 'Runs': '0', 'Hits': '0', 'RBIs': '0', 'Home Runs': '0', 'Walks': '0', 'Strikeouts': '0', 'AVG': '.276', 'OBP': '.338', 'SLG': '.425', 'Hits+Runs+RBIS': '0', 'Stolen Bases': '0', 'Doubles': '0', 'Triples': '0', 'id': '31446', 'Sac Hits': '0', 'Sac Flies': '0', 'Hit by Pitch': '0', 'Bases on Defensive Interference': '0', 'Total Bases': '0', 'Singles': '0'}, {'name': 'M. Chapman', 'Team': 'Toronto Blue Jays', 'AB': '4', 'Runs': '0', 'Hits': '1', 'RBIs': '0', 'Home Runs': '0', 'Walks': '1', 'Strikeouts': '1', 'AVG': '.261', 'OBP': '.355', 'SLG': '.465', 'Hits+Runs+RBIS': '1', 'Stolen Bases': '0', 'Doubles': '1', 'Triples': '0', 'id': '33857', 'Sac Hits': '0', 'Sac Flies': '0', 'Hit by Pitch': '0', 'Bases on Defensive Interference': '0', 'Total Bases': '2', 'Singles': '0'}, {'name': 'G. Springer', 'Team': 'Toronto Blue Jays', 'AB': '5', 'Runs': '0', 'Hits': '0', 'RBIs': '0', 'Home Runs': '0', 'Walks': '0', 'Strikeouts': '1', 'AVG': '.249', 'OBP': '.317', 'SLG': '.384', 'Hits+Runs+RBIS': '0', 'Stolen Bases': '0', 'Doubles': '0', 'Triples': '0', 'id': '32078', 'Sac Hits': '0', 'Sac Flies': '0', 'Hit by Pitch': '0', 'Bases on Defensive Interference': '0', 'Total Bases': '0', 'Singles': '0'}, {'name': 'A. Kirk', 'Team': 'Toronto Blue Jays', 'AB': '3', 'Runs': '0', 'Hits': '0', 'RBIs': '0', 'Home Runs': '0', 'Walks': '1', 'Strikeouts': '0', 'AVG': '.256', 'OBP': '.337', 'SLG': '.359', 'Hits+Runs+RBIS': '0', 'Stolen Bases': '0', 'Doubles': '0', 'Triples': '0', 'id': '42081', 'Sac Hits': '0', 'Sac Flies': '0', 'Hit by Pitch': '0', 'Bases on Defensive Interference': '0', 'Total Bases': '0', 'Singles': '0'}, {'name': 'C. Biggio', 'Team': 'Toronto Blue Jays', 'AB': '1', 'Runs': '0', 'Hits': '0', 'RBIs': '0', 'Home Runs': '0', 'Walks': '0', 'Strikeouts': '1', 'AVG': '.216', 'OBP': '.298', 'SLG': '.386', 'Hits+Runs+RBIS': '0', 'Stolen Bases': '0', 'Doubles': '0', 'Triples': '0', 'id': '37639', 'Sac Hits': '0', 'Sac Flies': '0', 'Hit by Pitch': '0', 'Bases on Defensive Interference': '0', 'Total Bases': '0', 'Singles': '0'}, {'name': 'D. Jansen', 'Team': 'Toronto Blue Jays', 'AB': '5', 'Runs': '0', 'Hits': '0', 'RBIs': '0', 'Home Runs': '0', 'Walks': '0', 'Strikeouts': '0', 'AVG': '.228', 'OBP': '.291', 'SLG': '.479', 'Hits+Runs+RBIS': '0', 'Stolen Bases': '0', 'Doubles': '0', 'Triples': '0', 'id': '35004', 'Sac Hits': '0', 'Sac Flies': '0', 'Hit by Pitch': '0', 'Bases on Defensive Interference': '0', 'Total Bases': '0', 'Singles': '0'}, {'name': 'S. Espinal', 'Team': 'Toronto Blue Jays', 'AB': '4', 'Runs': '0', 'Hits': '1', 'RBIs': '0', 'Home Runs': '0', 'Walks': '0', 'Strikeouts': '1', 'AVG': '.233', 'OBP': '.304', 'SLG': '.322', 'Hits+Runs+RBIS': '1', 'Stolen Bases': '0', 'Doubles': '0', 'Triples': '0', 'id': '39924', 'Sac Hits': '0', 'Sac Flies': '0', 'Hit by Pitch': '0', 'Bases on Defensive Interference': '0', 'Total Bases': '1', 'Singles': '1'}, {'name': 'D. Varsho', 'Team': 'Toronto Blue Jays', 'AB': '4', 'Runs': '1', 'Hits': '2', 'RBIs': '0', 'Home Runs': '0', 'Walks': '0', 'Strikeouts': '0', 'AVG': '.214', 'OBP': '.276', 'SLG': '.358', 'Hits+Runs+RBIS': '3', 'Stolen Bases': '0', 'Doubles': '2', 'Triples': '0', 'id': '40963', 'Sac Hits': '0', 'Sac Flies': '0', 'Hit by Pitch': '0', 'Bases on Defensive Interference': '0', 'Total Bases': '4', 'Singles': '0'}, {'name': 'J. Berrios', 'Team': 'Toronto Blue Jays', 'Pitching Outs': 18, 'Hits Allowed': '6', 'Total Runs Allowed': '1', 'Runs Allowed': '1', 'Walks Allowed': '2', 'Strikeouts': '6', 'HR': '0', 'PC-ST': '98-65', 'ERA': '3.31', 'Stolen Bases': '0', 'Doubles': '0', 'Triples': '0', 'Home Runs': '0', 'id': '32811', 'Sac Hits': '0', 'Sac Flies': '0', 'Hit by Pitch': '0', 'Bases on Defensive Interference': '0'}, {'name': 'G. Cabrera', 'Team': 'Toronto Blue Jays', 'Pitching Outs': 4, 'Hits Allowed': '0', 'Total Runs Allowed': '0', 'Runs Allowed': '0', 'Walks Allowed': '0', 'Strikeouts': '0', 'HR': '0', 'PC-ST': '13-9', 'ERA': '4.38', 'Stolen Bases': '0', 'Doubles': '0', 'Triples': '0', 'Home Runs': '0', 'id': '41061', 'Sac Hits': '0', 'Sac Flies': '0', 'Hit by Pitch': '0', 'Bases on Defensive Interference': '0'}, {'name': 'J. Jackson', 'Team': 'Toronto Blue Jays', 'Pitching Outs': 2, 'Hits Allowed': '1', 'Total Runs Allowed': '0', 'Runs Allowed': '0', 'Walks Allowed': '0', 'Strikeouts': '1', 'HR': '0', 'PC-ST': '11-8', 'ERA': '0.53', 'Stolen Bases': '0', 'Doubles': '0', 'Triples': '0', 'Home Runs': '0', 'id': '30705', 'Sac Hits': '0', 'Sac Flies': '0', 'Hit by Pitch': '0', 'Bases on Defensive Interference': '0'}, {'name': 'T. Mayza', 'Team': 'Toronto Blue Jays', 'Pitching Outs': 3, 'Hits Allowed': '0', 'Total Runs Allowed': '0', 'Runs Allowed': '0', 'Walks Allowed': '2', 'Strikeouts': '0', 'HR': '0', 'PC-ST': '12-6', 'ERA': '1.22', 'Stolen Bases': '0', 'Doubles': '0', 'Triples': '0', 'Home Runs': '0', 'id': '35773', 'Sac Hits': '0', 'Sac Flies': '0', 'Hit by Pitch': '0', 'Bases on Defensive Interference': '0'}, {'name': 'Y. Garcia', 'Team': 'Toronto Blue Jays', 'Pitching Outs': 3, 'Hits Allowed': '1', 'Total Runs Allowed': '2', 'Runs Allowed': '1', 'Walks Allowed': '0', 'Strikeouts': '1', 'HR': '1', 'PC-ST': '14-10', 'ERA': '4.40', 'Extra': 'L, 3-4', 'Stolen Bases': '0', 'Doubles': '0', 'Triples': '0', 'Home Runs': '0', 'id': '32888', 'Sac Hits': '0', 'Sac Flies': '0', 'Hit by Pitch': '0', 'Bases on Defensive Interference': '0'}]}","{'awayShort': 'LAA', 'awayTeam': 'Los Angeles Angels', 'awayHitters': [{'name': 'L. Rengifo', 'Team': 'Los Angeles Angels', 'AB': '4', 'Runs': '0', 'Hits': '2', 'RBIs': '0', 'Home Runs': '0', 'Walks': '1', 'Strikeouts': '0', 'AVG': '.228', 'OBP': '.316', 'SLG': '.386', 'Hits+Runs+RBIS': '2', 'Stolen Bases': '0', 'Doubles': '1', 'Triples': '0', 'id': '37237', 'Sac Hits': '0', 'Sac Flies': '0', 'Hit by Pitch': '0', 'Bases on Defensive Interference': '0', 'Total Bases': '3', 'Singles': '1'}, {'name': 'S. Ohtani', 'Team': 'Los Angeles Angels', 'AB': '3', 'Runs': '1', 'Hits': '1', 'RBIs': '0', 'Home Runs': '0', 'Walks': '2', 'Strikeouts': '0', 'AVG': '.302', 'OBP': '.403', 'SLG': '.680', 'Hits+Runs+RBIS': '2', 'Stolen Bases': '0', 'Doubles': '0', 'Triples': '0', 'id': '39832', 'Sac Hits': '0', 'Sac Flies': '0', 'Hit by Pitch': '0', 'Bases on Defensive Interference': '0', 'Total Bases': '1', 'Singles': '1'}, {'name': 'M. Moniak', 'Team': 'Los Angeles Angels', 'AB': '5', 'Runs': '0', 'Hits': '1', 'RBIs': '0', 'Home Runs': '0', 'Walks': '0', 'Strikeouts': '0', 'AVG': '.321', 'OBP': '.354', 'SLG': '.582', 'Hits+Runs+RBIS': '1', 'Stolen Bases': '1', 'Doubles': '0', 'Triples': '0', 'id': '36181', 'Sac Hits': '0', 'Sac Flies': '0', 'Hit by Pitch': '0', 'Bases on Defensive Interference': '0', 'Total Bases': '1', 'Singles': '1'}, {'name': 'M. Moustakas', 'Team': 'Los Angeles Angels', 'AB': '5', 'Runs': '1', 'Hits': '1', 'RBIs': '0', 'Home Runs': '0', 'Walks': '0', 'Strikeouts': '0', 'AVG': '.267', 'OBP': '.335', 'SLG': '.438', 'Hits+Runs+RBIS': '2', 'Stolen Bases': '0', 'Doubles': '0', 'Triples': '0', 'id': '29999', 'Sac Hits': '0', 'Sac Flies': '0', 'Hit by Pitch': '0', 'Bases on Defensive Interference': '0', 'Total Bases': '1', 'Singles': '1'}, {'name': 'M. Thaiss', 'Team': 'Los Angeles Angels', 'AB': '2', 'Runs': '0', 'Hits': '0', 'RBIs': '0', 'Home Runs': '0', 'Walks': '0', 'Strikeouts': '1', 'AVG': '.234', 'OBP': '.349', 'SLG': '.349', 'Hits+Runs+RBIS': '0', 'Stolen Bases': '0', 'Doubles': '0', 'Triples': '0', 'id': '36176', 'Sac Hits': '0', 'Sac Flies': '0', 'Hit by Pitch': '2', 'Bases on Defensive Interference': '0', 'Total Bases': '0', 'Singles': '0'}, {'name': 'C. Wallach', 'Team': 'Los Angeles Angels', 'AB': '0', 'Runs': '0', 'Hits': '0', 'RBIs': '0', 'Home Runs': '0', 'Walks': '0', 'Strikeouts': '0', 'AVG': '.196', 'OBP': '.274', 'SLG': '.375', 'Hits+Runs+RBIS': '0', 'Stolen Bases': '0', 'Doubles': '0', 'Triples': '0', 'id': '33678', 'Sac Hits': '1', 'Sac Flies': '0', 'Hit by Pitch': '0', 'Bases on Defensive Interference': '0', 'Total Bases': '0', 'Singles': '0'}, {'name': 'H. Renfroe', 'Team': 'Los Angeles Angels', 'AB': '4', 'Runs': '1', 'Hits': '3', 'RBIs': '3', 'Home Runs': '1', 'Walks': '0', 'Strikeouts': '1', 'AVG': '.256', 'OBP': '.315', 'SLG': '.463', 'Hits+Runs+RBIS': '7', 'Stolen Bases': '0', 'Doubles': '0', 'Triples': '0', 'id': '33205', 'Sac Hits': '0', 'Sac Flies': '1', 'Hit by Pitch': '0', 'Bases on Defensive Interference': '0', 'Total Bases': '6', 'Singles': '2'}, {'name': 'E. Escobar', 'Team': 'Los Angeles Angels', 'AB': '4', 'Runs': '0', 'Hits': '0', 'RBIs': '0', 'Home Runs': '0', 'Walks': '1', 'Strikeouts': '0', 'AVG': '.237', 'OBP': '.283', 'SLG': '.368', 'Hits+Runs+RBIS': '0', 'Stolen Bases': '0', 'Doubles': '0', 'Triples': '0', 'id': '30272', 'Sac Hits': '0', 'Sac Flies': '0', 'Hit by Pitch': '0', 'Bases on Defensive Interference': '0', 'Total Bases': '0', 'Singles': '0'}, {'name': 'T. Cabbage', 'Team': 'Los Angeles Angels', 'AB': '5', 'Runs': '0', 'Hits': '0', 'RBIs': '0', 'Home Runs': '0', 'Walks': '0', 'Strikeouts': '4', 'AVG': '.206', 'OBP': '.200', 'SLG': '.353', 'Hits+Runs+RBIS': '0', 'Stolen Bases': '0', 'Doubles': '0', 'Triples': '0', 'id': '41781', 'Sac Hits': '0', 'Sac Flies': '0', 'Hit by Pitch': '0', 'Bases on Defensive Interference': '0', 'Total Bases': '0', 'Singles': '0'}, {'name': 'A. Velazquez', 'Team': 'Los Angeles Angels', 'AB': '2', 'Runs': '0', 'Hits': '0', 'RBIs': '0', 'Home Runs': '0', 'Walks': '0', 'Strikeouts': '2', 'AVG': '.203', 'OBP': '.299', 'SLG': '.288', 'Hits+Runs+RBIS': '0', 'Stolen Bases': '0', 'Doubles': '0', 'Triples': '0', 'id': '35247', 'Sac Hits': '1', 'Sac Flies': '0', 'Hit by Pitch': '0', 'Bases on Defensive Interference': '0', 'Total Bases': '0', 'Singles': '0'}, {'name': 'M. Stefanic', 'Team': 'Los Angeles Angels', 'AB': '1', 'Runs': '0', 'Hits': '0', 'RBIs': '0', 'Home Runs': '0', 'Walks': '0', 'Strikeouts': '0', 'AVG': '.190', 'OBP': '.320', 'SLG': '.238', 'Hits+Runs+RBIS': '0', 'Stolen Bases': '0', 'Doubles': '0', 'Triples': '0', 'id': '42711', 'Sac Hits': '0', 'Sac Flies': '0', 'Hit by Pitch': '0', 'Bases on Defensive Interference': '0', 'Total Bases': '0', 'Singles': '0'}], 'awayPitchers': [{'name': 'T. Anderson', 'Team': 'Los Angeles Angels', 'Pitching Outs': 18, 'Hits Allowed': '7', 'Total Runs Allowed': '1', 'Runs Allowed': '1', 'Walks Allowed': '1', 'Strikeouts': '2', 'HR': '0', 'PC-ST': '101-62', 'ERA': '4.98', 'Stolen Bases': '0', 'Doubles': '0', 'Triples': '0', 'Home Runs': '0', 'id': '32151', 'Sac Hits': '0', 'Sac Flies': '0', 'Hit by Pitch': '0', 'Bases on Defensive Interference': '0'}, {'name': 'M. Moore', 'Team': 'Los Angeles Angels', 'Pitching Outs': 4, 'Hits Allowed': '0', 'Total Runs Allowed': '0', 'Runs Allowed': '0', 'Walks Allowed': '2', 'Strikeouts': '0', 'HR': '0', 'PC-ST': '28-14', 'ERA': '1.93', 'Stolen Bases': '0', 'Doubles': '0', 'Triples': '0', 'Home Runs': '0', 'id': '31099', 'Sac Hits': '0', 'Sac Flies': '0', 'Hit by Pitch': '0', 'Bases on Defensive Interference': '0'}, {'name': 'C. Estevez', 'Team': 'Los Angeles Angels', 'Pitching Outs': 6, 'Hits Allowed': '1', 'Total Runs Allowed': '1', 'Runs Allowed': '0', 'Walks Allowed': '1', 'Strikeouts': '2', 'HR': '0', 'PC-ST': '34-20', 'ERA': '1.88', 'Extra': 'W, 5-1', 'Stolen Bases': '0', 'Doubles': '0', 'Triples': '0', 'Home Runs': '0', 'id': '34861', 'Sac Hits': '0', 'Sac Flies': '0', 'Hit by Pitch': '0', 'Bases on Defensive Interference': '0'}], 'players': [{'name': 'L. Rengifo', 'Team': 'Los Angeles Angels', 'AB': '4', 'Runs': '0', 'Hits': '2', 'RBIs': '0', 'Home Runs': '0', 'Walks': '1', 'Strikeouts': '0', 'AVG': '.228', 'OBP': '.316', 'SLG': '.386', 'Hits+Runs+RBIS': '2', 'Stolen Bases': '0', 'Doubles': '1', 'Triples': '0', 'id': '37237', 'Sac Hits': '0', 'Sac Flies': '0', 'Hit by Pitch': '0', 'Bases on Defensive Interference': '0', 'Total Bases': '3', 'Singles': '1'}, {'name': 'S. Ohtani', 'Team': 'Los Angeles Angels', 'AB': '3', 'Runs': '1', 'Hits': '1', 'RBIs': '0', 'Home Runs': '0', 'Walks': '2', 'Strikeouts': '0', 'AVG': '.302', 'OBP': '.403', 'SLG': '.680', 'Hits+Runs+RBIS': '2', 'Stolen Bases': '0', 'Doubles': '0', 'Triples': '0', 'id': '39832', 'Sac Hits': '0', 'Sac Flies': '0', 'Hit by Pitch': '0', 'Bases on Defensive Interference': '0', 'Total Bases': '1', 'Singles': '1'}, {'name': 'M. Moniak', 'Team': 'Los Angeles Angels', 'AB': '5', 'Runs': '0', 'Hits': '1', 'RBIs': '0', 'Home Runs': '0', 'Walks': '0', 'Strikeouts': '0', 'AVG': '.321', 'OBP': '.354', 'SLG': '.582', 'Hits+Runs+RBIS': '1', 'Stolen Bases': '1', 'Doubles': '0', 'Triples': '0', 'id': '36181', 'Sac Hits': '0', 'Sac Flies': '0', 'Hit by Pitch': '0', 'Bases on Defensive Interference': '0', 'Total Bases': '1', 'Singles': '1'}, {'name': 'M. Moustakas', 'Team': 'Los Angeles Angels', 'AB': '5', 'Runs': '1', 'Hits': '1', 'RBIs': '0', 'Home Runs': '0', 'Walks': '0', 'Strikeouts': '0', 'AVG': '.267', 'OBP': '.335', 'SLG': '.438', 'Hits+Runs+RBIS': '2', 'Stolen Bases': '0', 'Doubles': '0', 'Triples': '0', 'id': '29999', 'Sac Hits': '0', 'Sac Flies': '0', 'Hit by Pitch': '0', 'Bases on Defensive Interference': '0', 'Total Bases': '1', 'Singles': '1'}, {'name': 'M. Thaiss', 'Team': 'Los Angeles Angels', 'AB': '2', 'Runs': '0', 'Hits': '0', 'RBIs': '0', 'Home Runs': '0', 'Walks': '0', 'Strikeouts': '1', 'AVG': '.234', 'OBP': '.349', 'SLG': '.349', 'Hits+Runs+RBIS': '0', 'Stolen Bases': '0', 'Doubles': '0', 'Triples': '0', 'id': '36176', 'Sac Hits': '0', 'Sac Flies': '0', 'Hit by Pitch': '2', 'Bases on Defensive Interference': '0', 'Total Bases': '0', 'Singles': '0'}, {'name': 'C. Wallach', 'Team': 'Los Angeles Angels', 'AB': '0', 'Runs': '0', 'Hits': '0', 'RBIs': '0', 'Home Runs': '0', 'Walks': '0', 'Strikeouts': '0', 'AVG': '.196', 'OBP': '.274', 'SLG': '.375', 'Hits+Runs+RBIS': '0', 'Stolen Bases': '0', 'Doubles': '0', 'Triples': '0', 'id': '33678', 'Sac Hits': '1', 'Sac Flies': '0', 'Hit by Pitch': '0', 'Bases on Defensive Interference': '0', 'Total Bases': '0', 'Singles': '0'}, {'name': 'H. Renfroe', 'Team': 'Los Angeles Angels', 'AB': '4', 'Runs': '1', 'Hits': '3', 'RBIs': '3', 'Home Runs': '1', 'Walks': '0', 'Strikeouts': '1', 'AVG': '.256', 'OBP': '.315', 'SLG': '.463', 'Hits+Runs+RBIS': '7', 'Stolen Bases': '0', 'Doubles': '0', 'Triples': '0', 'id': '33205', 'Sac Hits': '0', 'Sac Flies': '1', 'Hit by Pitch': '0', 'Bases on Defensive Interference': '0', 'Total Bases': '6', 'Singles': '2'}, {'name': 'E. Escobar', 'Team': 'Los Angeles Angels', 'AB': '4', 'Runs': '0', 'Hits': '0', 'RBIs': '0', 'Home Runs': '0', 'Walks': '1', 'Strikeouts': '0', 'AVG': '.237', 'OBP': '.283', 'SLG': '.368', 'Hits+Runs+RBIS': '0', 'Stolen Bases': '0', 'Doubles': '0', 'Triples': '0', 'id': '30272', 'Sac Hits': '0', 'Sac Flies': '0', 'Hit by Pitch': '0', 'Bases on Defensive Interference': '0', 'Total Bases': '0', 'Singles': '0'}, {'name': 'T. Cabbage', 'Team': 'Los Angeles Angels', 'AB': '5', 'Runs': '0', 'Hits': '0', 'RBIs': '0', 'Home Runs': '0', 'Walks': '0', 'Strikeouts': '4', 'AVG': '.206', 'OBP': '.200', 'SLG': '.353', 'Hits+Runs+RBIS': '0', 'Stolen Bases': '0', 'Doubles': '0', 'Triples': '0', 'id': '41781', 'Sac Hits': '0', 'Sac Flies': '0', 'Hit by Pitch': '0', 'Bases on Defensive Interference': '0', 'Total Bases': '0', 'Singles': '0'}, {'name': 'A. Velazquez', 'Team': 'Los Angeles Angels', 'AB': '2', 'Runs': '0', 'Hits': '0', 'RBIs': '0', 'Home Runs': '0', 'Walks': '0', 'Strikeouts': '2', 'AVG': '.203', 'OBP': '.299', 'SLG': '.288', 'Hits+Runs+RBIS': '0', 'Stolen Bases': '0', 'Doubles': '0', 'Triples': '0', 'id': '35247', 'Sac Hits': '1', 'Sac Flies': '0', 'Hit by Pitch': '0', 'Bases on Defensive Interference': '0', 'Total Bases': '0', 'Singles': '0'}, {'name': 'M. Stefanic', 'Team': 'Los Angeles Angels', 'AB': '1', 'Runs': '0', 'Hits': '0', 'RBIs': '0', 'Home Runs': '0', 'Walks': '0', 'Strikeouts': '0', 'AVG': '.190', 'OBP': '.320', 'SLG': '.238', 'Hits+Runs+RBIS': '0', 'Stolen Bases': '0', 'Doubles': '0', 'Triples': '0', 'id': '42711', 'Sac Hits': '0', 'Sac Flies': '0', 'Hit by Pitch': '0', 'Bases on Defensive Interference': '0', 'Total Bases': '0', 'Singles': '0'}, {'name': 'T. Anderson', 'Team': 'Los Angeles Angels', 'Pitching Outs': 18, 'Hits Allowed': '7', 'Total Runs Allowed': '1', 'Runs Allowed': '1', 'Walks Allowed': '1', 'Strikeouts': '2', 'HR': '0', 'PC-ST': '101-62', 'ERA': '4.98', 'Stolen Bases': '0', 'Doubles': '0', 'Triples': '0', 'Home Runs': '0', 'id': '32151', 'Sac Hits': '0', 'Sac Flies': '0', 'Hit by Pitch': '0', 'Bases on Defensive Interference': '0'}, {'name': 'M. Moore', 'Team': 'Los Angeles Angels', 'Pitching Outs': 4, 'Hits Allowed': '0', 'Total Runs Allowed': '0', 'Runs Allowed': '0', 'Walks Allowed': '2', 'Strikeouts': '0', 'HR': '0', 'PC-ST': '28-14', 'ERA': '1.93', 'Stolen Bases': '0', 'Doubles': '0', 'Triples': '0', 'Home Runs': '0', 'id': '31099', 'Sac Hits': '0', 'Sac Flies': '0', 'Hit by Pitch': '0', 'Bases on Defensive Interference': '0'}, {'name': 'C. Estevez', 'Team': 'Los Angeles Angels', 'Pitching Outs': 6, 'Hits Allowed': '1', 'Total Runs Allowed': '1', 'Runs Allowed': '0', 'Walks Allowed': '1', 'Strikeouts': '2', 'HR': '0', 'PC-ST': '34-20', 'ERA': '1.88', 'Extra': 'W, 5-1', 'Stolen Bases': '0', 'Doubles': '0', 'Triples': '0', 'Home Runs': '0', 'id': '34861', 'Sac Hits': '0', 'Sac Flies': '0', 'Hit by Pitch': '0', 'Bases on Defensive Interference': '0'}]}","{'Away': ['0', '0', '1', '0', '0', '0', '0', '0', '0', '2', '3', 8, 2], 'Home': ['0', '0', '0', '0', '1', '0', '0', '0', '0', '1', '2', 8, 0], 'Labels': [1, 2, 3, 4, 5, 6, 7, 8, 9, 10, 'Runs', 'Home Runs', 'Errors']}",False,mlb,20230730
Milwaukee Brewers@Atlanta Braves,"{'homeShort': 'ATL', 'homeTeam': 'Atlanta Braves', 'homeHitters': [{'name': 'R. Acuna Jr.', 'Team': 'Atlanta Braves', 'AB': '4', 'Runs': '2', 'Hits': '2', 'RBIs': '0', 'Home Runs': '0', 'Walks': '0', 'Strikeouts': '0', 'AVG': '.335', 'OBP': '.416', 'SLG': '.578', 'Hits+Runs+RBIS': '4', 'Stolen Bases': '1', 'Doubles': '0', 'Triples': '0', 'id': '36185', 'Sac Hits': '0', 'Sac Flies': '0', 'Hit by Pitch': '0', 'Bases on Defensive Interference': '0', 'Total Bases': '2', 'Singles': '2'}, {'name': 'O. Albies', 'Team': 'Atlanta Braves', 'AB': '4', 'Runs': '1', 'Hits': '1', 'RBIs': '0', 'Home Runs': '0', 'Walks': '0', 'Strikeouts': '1', 'AVG': '.258', 'OBP': '.318', 'SLG': '.500', 'Hits+Runs+RBIS': '2', 'Stolen Bases': '0', 'Doubles': '1', 'Triples': '0', 'id': '33783', 'Sac Hits': '0', 'Sac Flies': '0', 'Hit by Pitch': '0', 'Bases on Defensive Interference': '0', 'Total Bases': '2', 'Singles': '0'}, {'name': 'A. Riley', 'Team': 'Atlanta Braves', 'AB': '3', 'Runs': '2', 'Hits': '1', 'RBIs': '2', 'Home Runs': '1', 'Walks': '1', 'Strikeouts': '2', 'AVG': '.275', 'OBP': '.335', 'SLG': '.500', 'Hits+Runs+RBIS': '5', 'Stolen Bases': '0', 'Doubles': '0', 'Triples': '0', 'id': '34982', 'Sac Hits': '0', 'Sac Flies': '0', 'Hit by Pitch': '0', 'Bases on Defensive Interference': '0', 'Total Bases': '4', 'Singles': '0'}, {'name': 'M. Olson', 'Team': 'Atlanta Braves', 'AB': '4', 'Runs': '2', 'Hits': '2', 'RBIs': '5', 'Home Runs': '2', 'Walks': '0', 'Strikeouts': '1', 'AVG': '.259', 'OBP': '.361', 'SLG': '.584', 'Hits+Runs+RBIS': '9', 'Stolen Bases': '0', 'Doubles': '0', 'Triples': '0', 'id': '32767', 'Sac Hits': '0', 'Sac Flies': '0', 'Hit by Pitch': '0', 'Bases on Defensive Interference': '0', 'Total Bases': '8', 'Singles': '0'}, {'name': 'S. Murphy', 'Team': 'Atlanta Braves', 'AB': '4', 'Runs': '0', 'Hits': '0', 'RBIs': '0', 'Home Runs': '0', 'Walks': '0', 'Strikeouts': '3', 'AVG': '.278', 'OBP': '.376', 'SLG': '.533', 'Hits+Runs+RBIS': '0', 'Stolen Bases': '0', 'Doubles': '0', 'Triples': '0', 'id': '33557', 'Sac Hits': '0', 'Sac Flies': '0', 'Hit by Pitch': '0', 'Bases on Defensive Interference': '0', 'Total Bases': '0', 'Singles': '0'}, {'name': 'M. Ozuna', 'Team': 'Atlanta Braves', 'AB': '3', 'Runs': '1', 'Hits': '1', 'RBIs': '1', 'Home Runs': '1', 'Walks': '1', 'Strikeouts': '1', 'AVG': '.236', 'OBP': '.309', 'SLG': '.479', 'Hits+Runs+RBIS': '3', 'Stolen Bases': '0', 'Doubles': '0', 'Triples': '0', 'id': '31668', 'Sac Hits': '0', 'Sac Flies': '0', 'Hit by Pitch': '0', 'Bases on Defensive Interference': '0', 'Total Bases': '4', 'Singles': '0'}, {'name': 'E. Rosario', 'Team': 'Atlanta Braves', 'AB': '3', 'Runs': '0', 'Hits': '0', 'RBIs': '0', 'Home Runs': '0', 'Walks': '0', 'Strikeouts': '2', 'AVG': '.249', 'OBP': '.296', 'SLG': '.469', 'Hits+Runs+RBIS': '0', 'Stolen Bases': '0', 'Doubles': '0', 'Triples': '0', 'id': '31944', 'Sac Hits': '0', 'Sac Flies': '0', 'Hit by Pitch': '0', 'Bases on Defensive Interference': '0', 'Total Bases': '0', 'Singles': '0'}, {'name': 'O. Arcia', 'Team': 'Atlanta Braves', 'AB': '2', 'Runs': '0', 'Hits': '1', 'RBIs': '0', 'Home Runs': '0', 'Walks': '1', 'Strikeouts': '0', 'AVG': '.298', 'OBP': '.351', 'SLG': '.445', 'Hits+Runs+RBIS': '1', 'Stolen Bases': '0', 'Doubles': '0', 'Triples': '0', 'id': '32530', 'Sac Hits': '0', 'Sac Flies': '0', 'Hit by Pitch': '0', 'Bases on Defensive Interference': '0', 'Total Bases': '1', 'Singles': '1'}, {'name': 'M. Harris II', 'Team': 'Atlanta Braves', 'AB': '3', 'Runs': '0', 'Hits': '1', 'RBIs': '0', 'Home Runs': '0', 'Walks': '0', 'Strikeouts': '0', 'AVG': '.275', 'OBP': '.324', 'SLG': '.442', 'Hits+Runs+RBIS': '1', 'Stolen Bases': '0', 'Doubles': '0', 'Triples': '0', 'id': '42470', 'Sac Hits': '0', 'Sac Flies': '0', 'Hit by Pitch': '0', 'Bases on Defensive Interference': '0', 'Total Bases': '1', 'Singles': '1'}], 'homePitchers': [{'name': 'A. Smith-Shawver', 'Team': 'Atlanta Braves', 'Pitching Outs': 15, 'Hits Allowed': '4', 'Total Runs Allowed': '3', 'Runs Allowed': '3', 'Walks Allowed': '4', 'Strikeouts': '3', 'HR': '2', 'PC-ST': '93-49', 'ERA': '4.57', 'Stolen Bases': '0', 'Doubles': '0', 'Triples': '0', 'Home Runs': '0', 'id': '4917640', 'Sac Hits': '0', 'Sac Flies': '0', 'Hit by Pitch': '0', 'Bases on Defensive Interference': '0'}, {'name': 'C. McHugh', 'Team': 'Atlanta Braves', 'Pitching Outs': 3, 'Hits Allowed': '3', 'Total Runs Allowed': '3', 'Runs Allowed': '3', 'Walks Allowed': '1', 'Strikeouts': '0', 'HR': '0', 'PC-ST': '18-10', 'ERA': '3.98', 'Extra': 'B, 1', 'Stolen Bases': '0', 'Doubles': '0', 'Triples': '0', 'Home Runs': '0', 'id': '32569', 'Sac Hits': '0', 'Sac Flies': '0', 'Hit by Pitch': '0', 'Bases on Defensive Interference': '0'}, {'name': 'J. Jimenez', 'Team': 'Atlanta Braves', 'Pitching Outs': 3, 'Hits Allowed': '0', 'Total Runs Allowed': '0', 'Runs Allowed': '0', 'Walks Allowed': '1', 'Strikeouts': '3', 'HR': '0', 'PC-ST': '18-12', 'ERA': '2.63', 'Stolen Bases': '0', 'Doubles': '0', 'Triples': '0', 'Home Runs': '0', 'id': '33760', 'Sac Hits': '0', 'Sac Flies': '0', 'Hit by Pitch': '0', 'Bases on Defensive Interference': '0'}, {'name': 'K. Yates', 'Team': 'Atlanta Braves', 'Pitching Outs': 3, 'Hits Allowed': '0', 'Total Runs Allowed': '0', 'Runs Allowed': '0', 'Walks Allowed': '0', 'Strikeouts': '1', 'HR': '0', 'PC-ST': '8-6', 'ERA': '3.38', 'Extra': 'W, 5-0', 'Stolen Bases': '0', 'Doubles': '0', 'Triples': '0', 'Home Runs': '0', 'id': '32623', 'Sac Hits': '0', 'Sac Flies': '0', 'Hit by Pitch': '0', 'Bases on Defensive Interference': '0'}, {'name': 'R. Iglesias', 'Team': 'Atlanta Braves', 'Pitching Outs': 3, 'Hits Allowed': '0', 'Total Runs Allowed': '0', 'Runs Allowed': '0', 'Walks Allowed': '0', 'Strikeouts': '3', 'HR': '0', 'PC-ST': '20-14', 'ERA': '3.69', 'Extra': 'S, 20', 'Stolen Bases': '0', 'Doubles': '0', 'Triples': '0', 'Home Runs': '0', 'id': '33618', 'Sac Hits': '0', 'Sac Flies': '0', 'Hit by Pitch': '0', 'Bases on Defensive Interference': '0'}], 'players': [{'name': 'R. Acuna Jr.', 'Team': 'Atlanta Braves', 'AB': '4', 'Runs': '2', 'Hits': '2', 'RBIs': '0', 'Home Runs': '0', 'Walks': '0', 'Strikeouts': '0', 'AVG': '.335', 'OBP': '.416', 'SLG': '.578', 'Hits+Runs+RBIS': '4', 'Stolen Bases': '1', 'Doubles': '0', 'Triples': '0', 'id': '36185', 'Sac Hits': '0', 'Sac Flies': '0', 'Hit by Pitch': '0', 'Bases on Defensive Interference': '0', 'Total Bases': '2', 'Singles': '2'}, {'name': 'O. Albies', 'Team': 'Atlanta Braves', 'AB': '4', 'Runs': '1', 'Hits': '1', 'RBIs': '0', 'Home Runs': '0', 'Walks': '0', 'Strikeouts': '1', 'AVG': '.258', 'OBP': '.318', 'SLG': '.500', 'Hits+Runs+RBIS': '2', 'Stolen Bases': '0', 'Doubles': '1', 'Triples': '0', 'id': '33783', 'Sac Hits': '0', 'Sac Flies': '0', 'Hit by Pitch': '0', 'Bases on Defensive Interference': '0', 'Total Bases': '2', 'Singles': '0'}, {'name': 'A. Riley', 'Team': 'Atlanta Braves', 'AB': '3', 'Runs': '2', 'Hits': '1', 'RBIs': '2', 'Home Runs': '1', 'Walks': '1', 'Strikeouts': '2', 'AVG': '.275', 'OBP': '.335', 'SLG': '.500', 'Hits+Runs+RBIS': '5', 'Stolen Bases': '0', 'Doubles': '0', 'Triples': '0', 'id': '34982', 'Sac Hits': '0', 'Sac Flies': '0', 'Hit by Pitch': '0', 'Bases on Defensive Interference': '0', 'Total Bases': '4', 'Singles': '0'}, {'name': 'M. Olson', 'Team': 'Atlanta Braves', 'AB': '4', 'Runs': '2', 'Hits': '2', 'RBIs': '5', 'Home Runs': '2', 'Walks': '0', 'Strikeouts': '1', 'AVG': '.259', 'OBP': '.361', 'SLG': '.584', 'Hits+Runs+RBIS': '9', 'Stolen Bases': '0', 'Doubles': '0', 'Triples': '0', 'id': '32767', 'Sac Hits': '0', 'Sac Flies': '0', 'Hit by Pitch': '0', 'Bases on Defensive Interference': '0', 'Total Bases': '8', 'Singles': '0'}, {'name': 'S. Murphy', 'Team': 'Atlanta Braves', 'AB': '4', 'Runs': '0', 'Hits': '0', 'RBIs': '0', 'Home Runs': '0', 'Walks': '0', 'Strikeouts': '3', 'AVG': '.278', 'OBP': '.376', 'SLG': '.533', 'Hits+Runs+RBIS': '0', 'Stolen Bases': '0', 'Doubles': '0', 'Triples': '0', 'id': '33557', 'Sac Hits': '0', 'Sac Flies': '0', 'Hit by Pitch': '0', 'Bases on Defensive Interference': '0', 'Total Bases': '0', 'Singles': '0'}, {'name': 'M. Ozuna', 'Team': 'Atlanta Braves', 'AB': '3', 'Runs': '1', 'Hits': '1', 'RBIs': '1', 'Home Runs': '1', 'Walks': '1', 'Strikeouts': '1', 'AVG': '.236', 'OBP': '.309', 'SLG': '.479', 'Hits+Runs+RBIS': '3', 'Stolen Bases': '0', 'Doubles': '0', 'Triples': '0', 'id': '31668', 'Sac Hits': '0', 'Sac Flies': '0', 'Hit by Pitch': '0', 'Bases on Defensive Interference': '0', 'Total Bases': '4', 'Singles': '0'}, {'name': 'E. Rosario', 'Team': 'Atlanta Braves', 'AB': '3', 'Runs': '0', 'Hits': '0', 'RBIs': '0', 'Home Runs': '0', 'Walks': '0', 'Strikeouts': '2', 'AVG': '.249', 'OBP': '.296', 'SLG': '.469', 'Hits+Runs+RBIS': '0', 'Stolen Bases': '0', 'Doubles': '0', 'Triples': '0', 'id': '31944', 'Sac Hits': '0', 'Sac Flies': '0', 'Hit by Pitch': '0', 'Bases on Defensive Interference': '0', 'Total Bases': '0', 'Singles': '0'}, {'name': 'O. Arcia', 'Team': 'Atlanta Braves', 'AB': '2', 'Runs': '0', 'Hits': '1', 'RBIs': '0', 'Home Runs': '0', 'Walks': '1', 'Strikeouts': '0', 'AVG': '.298', 'OBP': '.351', 'SLG': '.445', 'Hits+Runs+RBIS': '1', 'Stolen Bases': '0', 'Doubles': '0', 'Triples': '0', 'id': '32530', 'Sac Hits': '0', 'Sac Flies': '0', 'Hit by Pitch': '0', 'Bases on Defensive Interference': '0', 'Total Bases': '1', 'Singles': '1'}, {'name': 'M. Harris II', 'Team': 'Atlanta Braves', 'AB': '3', 'Runs': '0', 'Hits': '1', 'RBIs': '0', 'Home Runs': '0', 'Walks': '0', 'Strikeouts': '0', 'AVG': '.275', 'OBP': '.324', 'SLG': '.442', 'Hits+Runs+RBIS': '1', 'Stolen Bases': '0', 'Doubles': '0', 'Triples': '0', 'id': '42470', 'Sac Hits': '0', 'Sac Flies': '0', 'Hit by Pitch': '0', 'Bases on Defensive Interference': '0', 'Total Bases': '1', 'Singles': '1'}, {'name': 'A. Smith-Shawver', 'Team': 'Atlanta Braves', 'Pitching Outs': 15, 'Hits Allowed': '4', 'Total Runs Allowed': '3', 'Runs Allowed': '3', 'Walks Allowed': '4', 'Strikeouts': '3', 'HR': '2', 'PC-ST': '93-49', 'ERA': '4.57', 'Stolen Bases': '0', 'Doubles': '0', 'Triples': '0', 'Home Runs': '0', 'id': '4917640', 'Sac Hits': '0', 'Sac Flies': '0', 'Hit by Pitch': '0', 'Bases on Defensive Interference': '0'}, {'name': 'C. McHugh', 'Team': 'Atlanta Braves', 'Pitching Outs': 3, 'Hits Allowed': '3', 'Total Runs Allowed': '3', 'Runs Allowed': '3', 'Walks Allowed': '1', 'Strikeouts': '0', 'HR': '0', 'PC-ST': '18-10', 'ERA': '3.98', 'Extra': 'B, 1', 'Stolen Bases': '0', 'Doubles': '0', 'Triples': '0', 'Home Runs': '0', 'id': '32569', 'Sac Hits': '0', 'Sac Flies': '0', 'Hit by Pitch': '0', 'Bases on Defensive Interference': '0'}, {'name': 'J. Jimenez', 'Team': 'Atlanta Braves', 'Pitching Outs': 3, 'Hits Allowed': '0', 'Total Runs Allowed': '0', 'Runs Allowed': '0', 'Walks Allowed': '1', 'Strikeouts': '3', 'HR': '0', 'PC-ST': '18-12', 'ERA': '2.63', 'Stolen Bases': '0', 'Doubles': '0', 'Triples': '0', 'Home Runs': '0', 'id': '33760', 'Sac Hits': '0', 'Sac Flies': '0', 'Hit by Pitch': '0', 'Bases on Defensive Interference': '0'}, {'name': 'K. Yates', 'Team': 'Atlanta Braves', 'Pitching Outs': 3, 'Hits Allowed': '0', 'Total Runs Allowed': '0', 'Runs Allowed': '0', 'Walks Allowed': '0', 'Strikeouts': '1', 'HR': '0', 'PC-ST': '8-6', 'ERA': '3.38', 'Extra': 'W, 5-0', 'Stolen Bases': '0', 'Doubles': '0', 'Triples': '0', 'Home Runs': '0', 'id': '32623', 'Sac Hits': '0', 'Sac Flies': '0', 'Hit by Pitch': '0', 'Bases on Defensive Interference': '0'}, {'name': 'R. Iglesias', 'Team': 'Atlanta Braves', 'Pitching Outs': 3, 'Hits Allowed': '0', 'Total Runs Allowed': '0', 'Runs Allowed': '0', 'Walks Allowed': '0', 'Strikeouts': '3', 'HR': '0', 'PC-ST': '20-14', 'ERA': '3.69', 'Extra': 'S, 20', 'Stolen Bases': '0', 'Doubles': '0', 'Triples': '0', 'Home Runs': '0', 'id': '33618', 'Sac Hits': '0', 'Sac Flies': '0', 'Hit by Pitch': '0', 'Bases on Defensive Interference': '0'}]}","{'awayShort': 'MIL', 'awayTeam': 'Milwaukee Brewers', 'awayHitters': [{'name': 'C. Yelich', 'Team': 'Milwaukee Brewers', 'AB': '4', 'Runs': '2', 'Hits': '1', 'RBIs': '2', 'Home Runs': '1', 'Walks': '1', 'Strikeouts': '0', 'AVG': '.286', 'OBP': '.372', 'SLG': '.477', 'Hits+Runs+RBIS': '5', 'Stolen Bases': '0', 'Doubles': '0', 'Triples': '0', 'id': '31283', 'Sac Hits': '0', 'Sac Flies': '0', 'Hit by Pitch': '0', 'Bases on Defensive Interference': '0', 'Total Bases': '4', 'Singles': '0'}, {'name': 'W. Contreras', 'Team': 'Milwaukee Brewers', 'AB': '5', 'Runs': '0', 'Hits': '2', 'RBIs': '2', 'Home Runs': '0', 'Walks': '0', 'Strikeouts': '1', 'AVG': '.276', 'OBP': '.350', 'SLG': '.450', 'Hits+Runs+RBIS': '4', 'Stolen Bases': '0', 'Doubles': '1', 'Triples': '0', 'id': '39895', 'Sac Hits': '0', 'Sac Flies': '0', 'Hit by Pitch': '0', 'Bases on Defensive Interference': '0', 'Total Bases': '3', 'Singles': '1'}, {'name': 'C. Santana', 'Team': 'Milwaukee Brewers', 'AB': '4', 'Runs': '1', 'Hits': '1', 'RBIs': '1', 'Home Runs': '1', 'Walks': '1', 'Strikeouts': '1', 'AVG': '.233', 'OBP': '.321', 'SLG': '.415', 'Hits+Runs+RBIS': '3', 'Stolen Bases': '0', 'Doubles': '0', 'Triples': '0', 'id': '30280', 'Sac Hits': '0', 'Sac Flies': '0', 'Hit by Pitch': '0', 'Bases on Defensive Interference': '0', 'Total Bases': '4', 'Singles': '0'}, {'name': 'S. Frelick', 'Team': 'Milwaukee Brewers', 'AB': '4', 'Runs': '0', 'Hits': '0', 'RBIs': '0', 'Home Runs': '0', 'Walks': '1', 'Strikeouts': '2', 'AVG': '.304', 'OBP': '.438', 'SLG': '.478', 'Hits+Runs+RBIS': '0', 'Stolen Bases': '0', 'Doubles': '0', 'Triples': '0', 'id': '4417795', 'Sac Hits': '0', 'Sac Flies': '0', 'Hit by Pitch': '0', 'Bases on Defensive Interference': '0', 'Total Bases': '0', 'Singles': '0'}, {'name': 'W. Adames', 'Team': 'Milwaukee Brewers', 'AB': '3', 'Runs': '0', 'Hits': '0', 'RBIs': '0', 'Home Runs': '0', 'Walks': '1', 'Strikeouts': '2', 'AVG': '.202', 'OBP': '.287', 'SLG': '.388', 'Hits+Runs+RBIS': '0', 'Stolen Bases': '0', 'Doubles': '0', 'Triples': '0', 'id': '33675', 'Sac Hits': '0', 'Sac Flies': '0', 'Hit by Pitch': '0', 'Bases on Defensive Interference': '0', 'Total Bases': '0', 'Singles': '0'}, {'name': 'A. Monasterio', 'Team': 'Milwaukee Brewers', 'AB': '4', 'Runs': '0', 'Hits': '1', 'RBIs': '0', 'Home Runs': '0', 'Walks': '0', 'Strikeouts': '1', 'AVG': '.294', 'OBP': '.374', 'SLG': '.394', 'Hits+Runs+RBIS': '1', 'Stolen Bases': '0', 'Doubles': '0', 'Triples': '0', 'id': '36950', 'Sac Hits': '0', 'Sac Flies': '0', 'Hit by Pitch': '0', 'Bases on Defensive Interference': '0', 'Total Bases': '1', 'Singles': '1'}, {'name': 'A. Toro', 'Team': 'Milwaukee Brewers', 'AB': '3', 'Runs': '1', 'Hits': '0', 'RBIs': '0', 'Home Runs': '0', 'Walks': '1', 'Strikeouts': '1', 'AVG': '.444', 'OBP': '.500', 'SLG': '.778', 'Hits+Runs+RBIS': '1', 'Stolen Bases': '0', 'Doubles': '0', 'Triples': '0', 'id': '40754', 'Sac Hits': '0', 'Sac Flies': '0', 'Hit by Pitch': '0', 'Bases on Defensive Interference': '0', 'Total Bases': '0', 'Singles': '0'}, {'name': 'B. Turang', 'Team': 'Milwaukee Brewers', 'AB': '4', 'Runs': '1', 'Hits': '2', 'RBIs': '0', 'Home Runs': '0', 'Walks': '0', 'Strikeouts': '0', 'AVG': '.208', 'OBP': '.278', 'SLG': '.314', 'Hits+Runs+RBIS': '3', 'Stolen Bases': '0', 'Doubles': '0', 'Triples': '0', 'id': '41179', 'Sac Hits': '0', 'Sac Flies': '0', 'Hit by Pitch': '0', 'Bases on Defensive Interference': '0', 'Total Bases': '2', 'Singles': '2'}, {'name': 'B. Perkins', 'Team': 'Milwaukee Brewers', 'AB': '3', 'Runs': '1', 'Hits': '0', 'RBIs': '0', 'Home Runs': '0', 'Walks': '1', 'Strikeouts': '2', 'AVG': '.212', 'OBP': '.315', 'SLG': '.301', 'Hits+Runs+RBIS': '1', 'Stolen Bases': '0', 'Doubles': '0', 'Triples': '0', 'id': '36974', 'Sac Hits': '0', 'Sac Flies': '0', 'Hit by Pitch': '0', 'Bases on Defensive Interference': '0', 'Total Bases': '0', 'Singles': '0'}], 'awayPitchers': [{'name': 'C. Rea', 'Team': 'Milwaukee Brewers', 'Pitching Outs': 15, 'Hits Allowed': '5', 'Total Runs Allowed': '5', 'Runs Allowed': '5', 'Walks Allowed': '2', 'Strikeouts': '8', 'HR': '2', 'PC-ST': '80-57', 'ERA': '4.76', 'Stolen Bases': '0', 'Doubles': '0', 'Triples': '0', 'Home Runs': '0', 'id': '33950', 'Sac Hits': '0', 'Sac Flies': '0', 'Hit by Pitch': '0', 'Bases on Defensive Interference': '0'}, {'name': 'H. Milner', 'Team': 'Milwaukee Brewers', 'Pitching Outs': 3, 'Hits Allowed': '1', 'Total Runs Allowed': '1', 'Runs Allowed': '1', 'Walks Allowed': '0', 'Strikeouts': '0', 'HR': '1', 'PC-ST': '15-10', 'ERA': '2.32', 'Extra': 'B, 3', 'Stolen Bases': '0', 'Doubles': '0', 'Triples': '0', 'Home Runs': '0', 'id': '36088', 'Sac Hits': '0', 'Sac Flies': '0', 'Hit by Pitch': '0', 'Bases on Defensive Interference': '0'}, {'name': 'E. Peguero', 'Team': 'Milwaukee Brewers', 'Pitching Outs': 3, 'Hits Allowed': '1', 'Total Runs Allowed': '0', 'Runs Allowed': '0', 'Walks Allowed': '1', 'Strikeouts': '0', 'HR': '0', 'PC-ST': '13-7', 'ERA': '3.21', 'Stolen Bases': '0', 'Doubles': '0', 'Triples': '0', 'Home Runs': '0', 'id': '4881978', 'Sac Hits': '0', 'Sac Flies': '0', 'Hit by Pitch': '0', 'Bases on Defensive Interference': '0'}, {'name': 'J. Payamps', 'Team': 'Milwaukee Brewers', 'Pitching Outs': 3, 'Hits Allowed': '2', 'Total Runs Allowed': '2', 'Runs Allowed': '2', 'Walks Allowed': '0', 'Strikeouts': '2', 'HR': '1', 'PC-ST': '17-12', 'ERA': '2.01', 'Extra': 'L, 4-2', 'Stolen Bases': '0', 'Doubles': '0', 'Triples': '0', 'Home Runs': '0', 'id': '40021', 'Sac Hits': '0', 'Sac Flies': '0', 'Hit by Pitch': '0', 'Bases on Defensive Interference': '0'}], 'players': [{'name': 'C. Yelich', 'Team': 'Milwaukee Brewers', 'AB': '4', 'Runs': '2', 'Hits': '1', 'RBIs': '2', 'Home Runs': '1', 'Walks': '1', 'Strikeouts': '0', 'AVG': '.286', 'OBP': '.372', 'SLG': '.477', 'Hits+Runs+RBIS': '5', 'Stolen Bases': '0', 'Doubles': '0', 'Triples': '0', 'id': '31283', 'Sac Hits': '0', 'Sac Flies': '0', 'Hit by Pitch': '0', 'Bases on Defensive Interference': '0', 'Total Bases': '4', 'Singles': '0'}, {'name': 'W. Contreras', 'Team': 'Milwaukee Brewers', 'AB': '5', 'Runs': '0', 'Hits': '2', 'RBIs': '2', 'Home Runs': '0', 'Walks': '0', 'Strikeouts': '1', 'AVG': '.276', 'OBP': '.350', 'SLG': '.450', 'Hits+Runs+RBIS': '4', 'Stolen Bases': '0', 'Doubles': '1', 'Triples': '0', 'id': '39895', 'Sac Hits': '0', 'Sac Flies': '0', 'Hit by Pitch': '0', 'Bases on Defensive Interference': '0', 'Total Bases': '3', 'Singles': '1'}, {'name': 'C. Santana', 'Team': 'Milwaukee Brewers', 'AB': '4', 'Runs': '1', 'Hits': '1', 'RBIs': '1', 'Home Runs': '1', 'Walks': '1', 'Strikeouts': '1', 'AVG': '.233', 'OBP': '.321', 'SLG': '.415', 'Hits+Runs+RBIS': '3', 'Stolen Bases': '0', 'Doubles': '0', 'Triples': '0', 'id': '30280', 'Sac Hits': '0', 'Sac Flies': '0', 'Hit by Pitch': '0', 'Bases on Defensive Interference': '0', 'Total Bases': '4', 'Singles': '0'}, {'name': 'S. Frelick', 'Team': 'Milwaukee Brewers', 'AB': '4', 'Runs': '0', 'Hits': '0', 'RBIs': '0', 'Home Runs': '0', 'Walks': '1', 'Strikeouts': '2', 'AVG': '.304', 'OBP': '.438', 'SLG': '.478', 'Hits+Runs+RBIS': '0', 'Stolen Bases': '0', 'Doubles': '0', 'Triples': '0', 'id': '4417795', 'Sac Hits': '0', 'Sac Flies': '0', 'Hit by Pitch': '0', 'Bases on Defensive Interference': '0', 'Total Bases': '0', 'Singles': '0'}, {'name': 'W. Adames', 'Team': 'Milwaukee Brewers', 'AB': '3', 'Runs': '0', 'Hits': '0', 'RBIs': '0', 'Home Runs': '0', 'Walks': '1', 'Strikeouts': '2', 'AVG': '.202', 'OBP': '.287', 'SLG': '.388', 'Hits+Runs+RBIS': '0', 'Stolen Bases': '0', 'Doubles': '0', 'Triples': '0', 'id': '33675', 'Sac Hits': '0', 'Sac Flies': '0', 'Hit by Pitch': '0', 'Bases on Defensive Interference': '0', 'Total Bases': '0', 'Singles': '0'}, {'name': 'A. Monasterio', 'Team': 'Milwaukee Brewers', 'AB': '4', 'Runs': '0', 'Hits': '1', 'RBIs': '0', 'Home Runs': '0', 'Walks': '0', 'Strikeouts': '1', 'AVG': '.294', 'OBP': '.374', 'SLG': '.394', 'Hits+Runs+RBIS': '1', 'Stolen Bases': '0', 'Doubles': '0', 'Triples': '0', 'id': '36950', 'Sac Hits': '0', 'Sac Flies': '0', 'Hit by Pitch': '0', 'Bases on Defensive Interference': '0', 'Total Bases': '1', 'Singles': '1'}, {'name': 'A. Toro', 'Team': 'Milwaukee Brewers', 'AB': '3', 'Runs': '1', 'Hits': '0', 'RBIs': '0', 'Home Runs': '0', 'Walks': '1', 'Strikeouts': '1', 'AVG': '.444', 'OBP': '.500', 'SLG': '.778', 'Hits+Runs+RBIS': '1', 'Stolen Bases': '0', 'Doubles': '0', 'Triples': '0', 'id': '40754', 'Sac Hits': '0', 'Sac Flies': '0', 'Hit by Pitch': '0', 'Bases on Defensive Interference': '0', 'Total Bases': '0', 'Singles': '0'}, {'name': 'B. Turang', 'Team': 'Milwaukee Brewers', 'AB': '4', 'Runs': '1', 'Hits': '2', 'RBIs': '0', 'Home Runs': '0', 'Walks': '0', 'Strikeouts': '0', 'AVG': '.208', 'OBP': '.278', 'SLG': '.314', 'Hits+Runs+RBIS': '3', 'Stolen Bases': '0', 'Doubles': '0', 'Triples': '0', 'id': '41179', 'Sac Hits': '0', 'Sac Flies': '0', 'Hit by Pitch': '0', 'Bases on Defensive Interference': '0', 'Total Bases': '2', 'Singles': '2'}, {'name': 'B. Perkins', 'Team': 'Milwaukee Brewers', 'AB': '3', 'Runs': '1', 'Hits': '0', 'RBIs': '0', 'Home Runs': '0', 'Walks': '1', 'Strikeouts': '2', 'AVG': '.212', 'OBP': '.315', 'SLG': '.301', 'Hits+Runs+RBIS': '1', 'Stolen Bases': '0', 'Doubles': '0', 'Triples': '0', 'id': '36974', 'Sac Hits': '0', 'Sac Flies': '0', 'Hit by Pitch': '0', 'Bases on Defensive Interference': '0', 'Total Bases': '0', 'Singles': '0'}, {'name': 'C. Rea', 'Team': 'Milwaukee Brewers', 'Pitching Outs': 15, 'Hits Allowed': '5', 'Total Runs Allowed': '5', 'Runs Allowed': '5', 'Walks Allowed': '2', 'Strikeouts': '8', 'HR': '2', 'PC-ST': '80-57', 'ERA': '4.76', 'Stolen Bases': '0', 'Doubles': '0', 'Triples': '0', 'Home Runs': '0', 'id': '33950', 'Sac Hits': '0', 'Sac Flies': '0', 'Hit by Pitch': '0', 'Bases on Defensive Interference': '0'}, {'name': 'H. Milner', 'Team': 'Milwaukee Brewers', 'Pitching Outs': 3, 'Hits Allowed': '1', 'Total Runs Allowed': '1', 'Runs Allowed': '1', 'Walks Allowed': '0', 'Strikeouts': '0', 'HR': '1', 'PC-ST': '15-10', 'ERA': '2.32', 'Extra': 'B, 3', 'Stolen Bases': '0', 'Doubles': '0', 'Triples': '0', 'Home Runs': '0', 'id': '36088', 'Sac Hits': '0', 'Sac Flies': '0', 'Hit by Pitch': '0', 'Bases on Defensive Interference': '0'}, {'name': 'E. Peguero', 'Team': 'Milwaukee Brewers', 'Pitching Outs': 3, 'Hits Allowed': '1', 'Total Runs Allowed': '0', 'Runs Allowed': '0', 'Walks Allowed': '1', 'Strikeouts': '0', 'HR': '0', 'PC-ST': '13-7', 'ERA': '3.21', 'Stolen Bases': '0', 'Doubles': '0', 'Triples': '0', 'Home Runs': '0', 'id': '4881978', 'Sac Hits': '0', 'Sac Flies': '0', 'Hit by Pitch': '0', 'Bases on Defensive Interference': '0'}, {'name': 'J. Payamps', 'Team': 'Milwaukee Brewers', 'Pitching Outs': 3, 'Hits Allowed': '2', 'Total Runs Allowed': '2', 'Runs Allowed': '2', 'Walks Allowed': '0', 'Strikeouts': '2', 'HR': '1', 'PC-ST': '17-12', 'ERA': '2.01', 'Extra': 'L, 4-2', 'Stolen Bases': '0', 'Doubles': '0', 'Triples': '0', 'Home Runs': '0', 'id': '40021', 'Sac Hits': '0', 'Sac Flies': '0', 'Hit by Pitch': '0', 'Bases on Defensive Interference': '0'}]}","{'Away': ['1', '0', '2', '0', '0', '3', '0', '0', '0', '6', 7, 0], 'Home': ['2', '0', '3', '0', '0', '1', '0', '2', '-', '8', 9, 1], 'Labels': [1, 2, 3, 4, 5, 6, 7, 8, 9, 'Runs', 'Home Runs', 'Errors']}",False,mlb,20230730
Philadelphia Phillies@Pittsburgh Pirates,"{'homeShort': 'PIT', 'homeTeam': 'Pittsburgh Pirates', 'homeHitters': [{'name': 'C. Joe', 'Team': 'Pittsburgh Pirates', 'AB': '5', 'Runs': '2', 'Hits': '2', 'RBIs': '0', 'Home Runs': '0', 'Walks': '0', 'Strikeouts': '0', 'AVG': '.242', 'OBP': '.331', 'SLG': '.417', 'Hits+Runs+RBIS': '4', 'Stolen Bases': '0', 'Doubles': '0', 'Triples': '0', 'id': '35440', 'Sac Hits': '0', 'Sac Flies': '0', 'Hit by Pitch': '0', 'Bases on Defensive Interference': '0', 'Total Bases': '2', 'Singles': '2'}, {'name': 'B. Reynolds', 'Team': 'Pittsburgh Pirates', 'AB': '4', 'Runs': '1', 'Hits': '2', 'RBIs': '2', 'Home Runs': '1', 'Walks': '0', 'Strikeouts': '1', 'AVG': '.258', 'OBP': '.322', 'SLG': '.436', 'Hits+Runs+RBIS': '5', 'Stolen Bases': '0', 'Doubles': '0', 'Triples': '0', 'id': '38980', 'Sac Hits': '0', 'Sac Flies': '0', 'Hit by Pitch': '1', 'Bases on Defensive Interference': '0', 'Total Bases': '5', 'Singles': '1'}, {'name': 'A. McCutchen', 'Team': 'Pittsburgh Pirates', 'AB': '3', 'Runs': '0', 'Hits': '0', 'RBIs': '0', 'Home Runs': '0', 'Walks': '2', 'Strikeouts': '1', 'AVG': '.257', 'OBP': '.380', 'SLG': '.399', 'Hits+Runs+RBIS': '0', 'Stolen Bases': '0', 'Doubles': '0', 'Triples': '0', 'id': '28701', 'Sac Hits': '0', 'Sac Flies': '0', 'Hit by Pitch': '0', 'Bases on Defensive Interference': '0', 'Total Bases': '0', 'Singles': '0'}, {'name': 'H. Davis', 'Team': 'Pittsburgh Pirates', 'AB': '4', 'Runs': '0', 'Hits': '0', 'RBIs': '0', 'Home Runs': '0', 'Walks': '1', 'Strikeouts': '1', 'AVG': '.238', 'OBP': '.333', 'SLG': '.381', 'Hits+Runs+RBIS': '0', 'Stolen Bases': '0', 'Doubles': '0', 'Triples': '0', 'id': '4418683', 'Sac Hits': '0', 'Sac Flies': '0', 'Hit by Pitch': '0', 'Bases on Defensive Interference': '0', 'Total Bases': '0', 'Singles': '0'}, {'name': 'J. Triolo', 'Team': 'Pittsburgh Pirates', 'AB': '5', 'Runs': '2', 'Hits': '2', 'RBIs': '0', 'Home Runs': '0', 'Walks': '0', 'Strikeouts': '1', 'AVG': '.266', 'OBP': '.327', 'SLG': '.287', 'Hits+Runs+RBIS': '4', 'Stolen Bases': '0', 'Doubles': '0', 'Triples': '0', 'id': '42933', 'Sac Hits': '0', 'Sac Flies': '0', 'Hit by Pitch': '0', 'Bases on Defensive Interference': '0', 'Total Bases': '2', 'Singles': '2'}, {'name': 'J. Palacios', 'Team': 'Pittsburgh Pirates', 'AB': '5', 'Runs': '1', 'Hits': '3', 'RBIs': '2', 'Home Runs': '1', 'Walks': '0', 'Strikeouts': '1', 'AVG': '.252', 'OBP': '.284', 'SLG': '.396', 'Hits+Runs+RBIS': '6', 'Stolen Bases': '0', 'Doubles': '1', 'Triples': '0', 'id': '36462', 'Sac Hits': '0', 'Sac Flies': '0', 'Hit by Pitch': '0', 'Bases on Defensive Interference': '0', 'Total Bases': '7', 'Singles': '1'}, {'name': 'L. Peguero', 'Team': 'Pittsburgh Pirates', 'AB': '2', 'Runs': '0', 'Hits': '0', 'RBIs': '0', 'Home Runs': '0', 'Walks': '0', 'Strikeouts': '1', 'AVG': '.240', 'OBP': '.296', 'SLG': '.520', 'Hits+Runs+RBIS': '0', 'Stolen Bases': '0', 'Doubles': '0', 'Triples': '0', 'id': '42451', 'Sac Hits': '0', 'Sac Flies': '0', 'Hit by Pitch': '1', 'Bases on Defensive Interference': '0', 'Total Bases': '0', 'Singles': '0'}, {'name': 'J. Choi', 'Team': 'Pittsburgh Pirates', 'AB': '1', 'Runs': '0', 'Hits': '0', 'RBIs': '0', 'Home Runs': '0', 'Walks': '0', 'Strikeouts': '0', 'AVG': '.205', 'OBP': '.224', 'SLG': '.507', 'Hits+Runs+RBIS': '0', 'Stolen Bases': '0', 'Doubles': '0', 'Triples': '0', 'id': '31779', 'Sac Hits': '0', 'Sac Flies': '0', 'Hit by Pitch': '0', 'Bases on Defensive Interference': '0', 'Total Bases': '0', 'Singles': '0'}, {'name': 'A. Williams', 'Team': 'Pittsburgh Pirates', 'AB': '0', 'Runs': '0', 'Hits': '0', 'RBIs': '0', 'Home Runs': '0', 'Walks': '0', 'Strikeouts': '0', 'AVG': '.111', 'OBP': '.200', 'SLG': '.111', 'Hits+Runs+RBIS': '0', 'Stolen Bases': '0', 'Doubles': '0', 'Triples': '0', 'id': '4424289', 'Sac Hits': '0', 'Sac Flies': '0', 'Hit by Pitch': '0', 'Bases on Defensive Interference': '0', 'Total Bases': '0', 'Singles': '0'}, {'name': 'N. Gonzales', 'Team': 'Pittsburgh Pirates', 'AB': '2', 'Runs': '0', 'Hits': '0', 'RBIs': '1', 'Home Runs': '0', 'Walks': '0', 'Strikeouts': '0', 'AVG': '.222', 'OBP': '.275', 'SLG': '.364', 'Hits+Runs+RBIS': '1', 'Stolen Bases': '0', 'Doubles': '0', 'Triples': '0', 'id': '4311634', 'Sac Hits': '0', 'Sac Flies': '1', 'Hit by Pitch': '1', 'Bases on Defensive Interference': '0', 'Total Bases': '0', 'Singles': '0'}, {'name': 'A. Hedges', 'Team': 'Pittsburgh Pirates', 'AB': '1', 'Runs': '0', 'Hits': '0', 'RBIs': '0', 'Home Runs': '0', 'Walks': '0', 'Strikeouts': '0', 'AVG': '.180', 'OBP': '.237', 'SLG': '.230', 'Hits+Runs+RBIS': '0', 'Stolen Bases': '0', 'Doubles': '0', 'Triples': '0', 'id': '32168', 'Sac Hits': '0', 'Sac Flies': '0', 'Hit by Pitch': '1', 'Bases on Defensive Interference': '0', 'Total Bases': '0', 'Singles': '0'}, {'name': 'E. Rodriguez', 'Team': 'Pittsburgh Pirates', 'AB': '2', 'Runs': '0', 'Hits': '0', 'RBIs': '0', 'Home Runs': '0', 'Walks': '0', 'Strikeouts': '2', 'AVG': '.222', 'OBP': '.282', 'SLG': '.417', 'Hits+Runs+RBIS': '0', 'Stolen Bases': '0', 'Doubles': '0', 'Triples': '0', 'id': '4712767', 'Sac Hits': '0', 'Sac Flies': '0', 'Hit by Pitch': '0', 'Bases on Defensive Interference': '0', 'Total Bases': '0', 'Singles': '0'}], 'homePitchers': [{'name': 'R. Hill', 'Team': 'Pittsburgh Pirates', 'Pitching Outs': 15, 'Hits Allowed': '5', 'Total Runs Allowed': '2', 'Runs Allowed': '2', 'Walks Allowed': '3', 'Strikeouts': '7', 'HR': '1', 'PC-ST': '79-47', 'ERA': '4.76', 'Stolen Bases': '0', 'Doubles': '0', 'Triples': '0', 'Home Runs': '0', 'id': '6321', 'Sac Hits': '0', 'Sac Flies': '0', 'Hit by Pitch': '0', 'Bases on Defensive Interference': '0'}, {'name': 'D. Moreta', 'Team': 'Pittsburgh Pirates', 'Pitching Outs': 3, 'Hits Allowed': '0', 'Total Runs Allowed': '0', 'Runs Allowed': '0', 'Walks Allowed': '0', 'Strikeouts': '1', 'HR': '0', 'PC-ST': '8-8', 'ERA': '3.50', 'Stolen Bases': '0', 'Doubles': '0', 'Triples': '0', 'Home Runs': '0', 'id': '41874', 'Sac Hits': '0', 'Sac Flies': '0', 'Hit by Pitch': '0', 'Bases on Defensive Interference': '0'}, {'name': 'J. Hernandez', 'Team': 'Pittsburgh Pirates', 'Pitching Outs': 1, 'Hits Allowed': '0', 'Total Runs Allowed': '2', 'Runs Allowed': '2', 'Walks Allowed': '2', 'Strikeouts': '0', 'HR': '0', 'PC-ST': '11-3', 'ERA': '3.82', 'Stolen Bases': '0', 'Doubles': '0', 'Triples': '0', 'Home Runs': '0', 'id': '5123576', 'Sac Hits': '0', 'Sac Flies': '0', 'Hit by Pitch': '0', 'Bases on Defensive Interference': '0'}, {'name': 'C. Mlodzinski', 'Team': 'Pittsburgh Pirates', 'Pitching Outs': 4, 'Hits Allowed': '2', 'Total Runs Allowed': '0', 'Runs Allowed': '0', 'Walks Allowed': '0', 'Strikeouts': '3', 'HR': '0', 'PC-ST': '33-25', 'ERA': '1.86', 'Stolen Bases': '0', 'Doubles': '0', 'Triples': '0', 'Home Runs': '0', 'id': '4298378', 'Sac Hits': '0', 'Sac Flies': '0', 'Hit by Pitch': '0', 'Bases on Defensive Interference': '0'}, {'name': 'D. Bednar', 'Team': 'Pittsburgh Pirates', 'Pitching Outs': 3, 'Hits Allowed': '0', 'Total Runs Allowed': '0', 'Runs Allowed': '0', 'Walks Allowed': '1', 'Strikeouts': '2', 'HR': '0', 'PC-ST': '16-9', 'ERA': '1.27', 'Stolen Bases': '0', 'Doubles': '0', 'Triples': '0', 'Home Runs': '0', 'id': '38303', 'Sac Hits': '0', 'Sac Flies': '0', 'Hit by Pitch': '0', 'Bases on Defensive Interference': '0'}, {'name': 'A. Perdomo', 'Team': 'Pittsburgh Pirates', 'Pitching Outs': 3, 'Hits Allowed': '1', 'Total Runs Allowed': '0', 'Runs Allowed': '0', 'Walks Allowed': '0', 'Strikeouts': '1', 'HR': '0', 'PC-ST': '16-14', 'ERA': '3.74', 'Extra': 'W, 2-1', 'Stolen Bases': '0', 'Doubles': '0', 'Triples': '0', 'Home Runs': '0', 'id': '41448', 'Sac Hits': '0', 'Sac Flies': '0', 'Hit by Pitch': '0', 'Bases on Defensive Interference': '0'}], 'players': [{'name': 'C. Joe', 'Team': 'Pittsburgh Pirates', 'AB': '5', 'Runs': '2', 'Hits': '2', 'RBIs': '0', 'Home Runs': '0', 'Walks': '0', 'Strikeouts': '0', 'AVG': '.242', 'OBP': '.331', 'SLG': '.417', 'Hits+Runs+RBIS': '4', 'Stolen Bases': '0', 'Doubles': '0', 'Triples': '0', 'id': '35440', 'Sac Hits': '0', 'Sac Flies': '0', 'Hit by Pitch': '0', 'Bases on Defensive Interference': '0', 'Total Bases': '2', 'Singles': '2'}, {'name': 'B. Reynolds', 'Team': 'Pittsburgh Pirates', 'AB': '4', 'Runs': '1', 'Hits': '2', 'RBIs': '2', 'Home Runs': '1', 'Walks': '0', 'Strikeouts': '1', 'AVG': '.258', 'OBP': '.322', 'SLG': '.436', 'Hits+Runs+RBIS': '5', 'Stolen Bases': '0', 'Doubles': '0', 'Triples': '0', 'id': '38980', 'Sac Hits': '0', 'Sac Flies': '0', 'Hit by Pitch': '1', 'Bases on Defensive Interference': '0', 'Total Bases': '5', 'Singles': '1'}, {'name': 'A. McCutchen', 'Team': 'Pittsburgh Pirates', 'AB': '3', 'Runs': '0', 'Hits': '0', 'RBIs': '0', 'Home Runs': '0', 'Walks': '2', 'Strikeouts': '1', 'AVG': '.257', 'OBP': '.380', 'SLG': '.399', 'Hits+Runs+RBIS': '0', 'Stolen Bases': '0', 'Doubles': '0', 'Triples': '0', 'id': '28701', 'Sac Hits': '0', 'Sac Flies': '0', 'Hit by Pitch': '0', 'Bases on Defensive Interference': '0', 'Total Bases': '0', 'Singles': '0'}, {'name': 'H. Davis', 'Team': 'Pittsburgh Pirates', 'AB': '4', 'Runs': '0', 'Hits': '0', 'RBIs': '0', 'Home Runs': '0', 'Walks': '1', 'Strikeouts': '1', 'AVG': '.238', 'OBP': '.333', 'SLG': '.381', 'Hits+Runs+RBIS': '0', 'Stolen Bases': '0', 'Doubles': '0', 'Triples': '0', 'id': '4418683', 'Sac Hits': '0', 'Sac Flies': '0', 'Hit by Pitch': '0', 'Bases on Defensive Interference': '0', 'Total Bases': '0', 'Singles': '0'}, {'name': 'J. Triolo', 'Team': 'Pittsburgh Pirates', 'AB': '5', 'Runs': '2', 'Hits': '2', 'RBIs': '0', 'Home Runs': '0', 'Walks': '0', 'Strikeouts': '1', 'AVG': '.266', 'OBP': '.327', 'SLG': '.287', 'Hits+Runs+RBIS': '4', 'Stolen Bases': '0', 'Doubles': '0', 'Triples': '0', 'id': '42933', 'Sac Hits': '0', 'Sac Flies': '0', 'Hit by Pitch': '0', 'Bases on Defensive Interference': '0', 'Total Bases': '2', 'Singles': '2'}, {'name': 'J. Palacios', 'Team': 'Pittsburgh Pirates', 'AB': '5', 'Runs': '1', 'Hits': '3', 'RBIs': '2', 'Home Runs': '1', 'Walks': '0', 'Strikeouts': '1', 'AVG': '.252', 'OBP': '.284', 'SLG': '.396', 'Hits+Runs+RBIS': '6', 'Stolen Bases': '0', 'Doubles': '1', 'Triples': '0', 'id': '36462', 'Sac Hits': '0', 'Sac Flies': '0', 'Hit by Pitch': '0', 'Bases on Defensive Interference': '0', 'Total Bases': '7', 'Singles': '1'}, {'name': 'L. Peguero', 'Team': 'Pittsburgh Pirates', 'AB': '2', 'Runs': '0', 'Hits': '0', 'RBIs': '0', 'Home Runs': '0', 'Walks': '0', 'Strikeouts': '1', 'AVG': '.240', 'OBP': '.296', 'SLG': '.520', 'Hits+Runs+RBIS': '0', 'Stolen Bases': '0', 'Doubles': '0', 'Triples': '0', 'id': '42451', 'Sac Hits': '0', 'Sac Flies': '0', 'Hit by Pitch': '1', 'Bases on Defensive Interference': '0', 'Total Bases': '0', 'Singles': '0'}, {'name': 'J. Choi', 'Team': 'Pittsburgh Pirates', 'AB': '1', 'Runs': '0', 'Hits': '0', 'RBIs': '0', 'Home Runs': '0', 'Walks': '0', 'Strikeouts': '0', 'AVG': '.205', 'OBP': '.224', 'SLG': '.507', 'Hits+Runs+RBIS': '0', 'Stolen Bases': '0', 'Doubles': '0', 'Triples': '0', 'id': '31779', 'Sac Hits': '0', 'Sac Flies': '0', 'Hit by Pitch': '0', 'Bases on Defensive Interference': '0', 'Total Bases': '0', 'Singles': '0'}, {'name': 'A. Williams', 'Team': 'Pittsburgh Pirates', 'AB': '0', 'Runs': '0', 'Hits': '0', 'RBIs': '0', 'Home Runs': '0', 'Walks': '0', 'Strikeouts': '0', 'AVG': '.111', 'OBP': '.200', 'SLG': '.111', 'Hits+Runs+RBIS': '0', 'Stolen Bases': '0', 'Doubles': '0', 'Triples': '0', 'id': '4424289', 'Sac Hits': '0', 'Sac Flies': '0', 'Hit by Pitch': '0', 'Bases on Defensive Interference': '0', 'Total Bases': '0', 'Singles': '0'}, {'name': 'N. Gonzales', 'Team': 'Pittsburgh Pirates', 'AB': '2', 'Runs': '0', 'Hits': '0', 'RBIs': '1', 'Home Runs': '0', 'Walks': '0', 'Strikeouts': '0', 'AVG': '.222', 'OBP': '.275', 'SLG': '.364', 'Hits+Runs+RBIS': '1', 'Stolen Bases': '0', 'Doubles': '0', 'Triples': '0', 'id': '4311634', 'Sac Hits': '0', 'Sac Flies': '1', 'Hit by Pitch': '1', 'Bases on Defensive Interference': '0', 'Total Bases': '0', 'Singles': '0'}, {'name': 'A. Hedges', 'Team': 'Pittsburgh Pirates', 'AB': '1', 'Runs': '0', 'Hits': '0', 'RBIs': '0', 'Home Runs': '0', 'Walks': '0', 'Strikeouts': '0', 'AVG': '.180', 'OBP': '.237', 'SLG': '.230', 'Hits+Runs+RBIS': '0', 'Stolen Bases': '0', 'Doubles': '0', 'Triples': '0', 'id': '32168', 'Sac Hits': '0', 'Sac Flies': '0', 'Hit by Pitch': '1', 'Bases on Defensive Interference': '0', 'Total Bases': '0', 'Singles': '0'}, {'name': 'E. Rodriguez', 'Team': 'Pittsburgh Pirates', 'AB': '2', 'Runs': '0', 'Hits': '0', 'RBIs': '0', 'Home Runs': '0', 'Walks': '0', 'Strikeouts': '2', 'AVG': '.222', 'OBP': '.282', 'SLG': '.417', 'Hits+Runs+RBIS': '0', 'Stolen Bases': '0', 'Doubles': '0', 'Triples': '0', 'id': '4712767', 'Sac Hits': '0', 'Sac Flies': '0', 'Hit by Pitch': '0', 'Bases on Defensive Interference': '0', 'Total Bases': '0', 'Singles': '0'}, {'name': 'R. Hill', 'Team': 'Pittsburgh Pirates', 'Pitching Outs': 15, 'Hits Allowed': '5', 'Total Runs Allowed': '2', 'Runs Allowed': '2', 'Walks Allowed': '3', 'Strikeouts': '7', 'HR': '1', 'PC-ST': '79-47', 'ERA': '4.76', 'Stolen Bases': '0', 'Doubles': '0', 'Triples': '0', 'Home Runs': '0', 'id': '6321', 'Sac Hits': '0', 'Sac Flies': '0', 'Hit by Pitch': '0', 'Bases on Defensive Interference': '0'}, {'name': 'D. Moreta', 'Team': 'Pittsburgh Pirates', 'Pitching Outs': 3, 'Hits Allowed': '0', 'Total Runs Allowed': '0', 'Runs Allowed': '0', 'Walks Allowed': '0', 'Strikeouts': '1', 'HR': '0', 'PC-ST': '8-8', 'ERA': '3.50', 'Stolen Bases': '0', 'Doubles': '0', 'Triples': '0', 'Home Runs': '0', 'id': '41874', 'Sac Hits': '0', 'Sac Flies': '0', 'Hit by Pitch': '0', 'Bases on Defensive Interference': '0'}, {'name': 'J. Hernandez', 'Team': 'Pittsburgh Pirates', 'Pitching Outs': 1, 'Hits Allowed': '0', 'Total Runs Allowed': '2', 'Runs Allowed': '2', 'Walks Allowed': '2', 'Strikeouts': '0', 'HR': '0', 'PC-ST': '11-3', 'ERA': '3.82', 'Stolen Bases': '0', 'Doubles': '0', 'Triples': '0', 'Home Runs': '0', 'id': '5123576', 'Sac Hits': '0', 'Sac Flies': '0', 'Hit by Pitch': '0', 'Bases on Defensive Interference': '0'}, {'name': 'C. Mlodzinski', 'Team': 'Pittsburgh Pirates', 'Pitching Outs': 4, 'Hits Allowed': '2', 'Total Runs Allowed': '0', 'Runs Allowed': '0', 'Walks Allowed': '0', 'Strikeouts': '3', 'HR': '0', 'PC-ST': '33-25', 'ERA': '1.86', 'Stolen Bases': '0', 'Doubles': '0', 'Triples': '0', 'Home Runs': '0', 'id': '4298378', 'Sac Hits': '0', 'Sac Flies': '0', 'Hit by Pitch': '0', 'Bases on Defensive Interference': '0'}, {'name': 'D. Bednar', 'Team': 'Pittsburgh Pirates', 'Pitching Outs': 3, 'Hits Allowed': '0', 'Total Runs Allowed': '0', 'Runs Allowed': '0', 'Walks Allowed': '1', 'Strikeouts': '2', 'HR': '0', 'PC-ST': '16-9', 'ERA': '1.27', 'Stolen Bases': '0', 'Doubles': '0', 'Triples': '0', 'Home Runs': '0', 'id': '38303', 'Sac Hits': '0', 'Sac Flies': '0', 'Hit by Pitch': '0', 'Bases on Defensive Interference': '0'}, {'name': 'A. Perdomo', 'Team': 'Pittsburgh Pirates', 'Pitching Outs': 3, 'Hits Allowed': '1', 'Total Runs Allowed': '0', 'Runs Allowed': '0', 'Walks Allowed': '0', 'Strikeouts': '1', 'HR': '0', 'PC-ST': '16-14', 'ERA': '3.74', 'Extra': 'W, 2-1', 'Stolen Bases': '0', 'Doubles': '0', 'Triples': '0', 'Home Runs': '0', 'id': '41448', 'Sac Hits': '0', 'Sac Flies': '0', 'Hit by Pitch': '0', 'Bases on Defensive Interference': '0'}]}","{'awayShort': 'PHI', 'awayTeam': 'Philadelphia Phillies', 'awayHitters': [{'name': 'K. Schwarber', 'Team': 'Philadelphia Phillies', 'AB': '3', 'Runs': '1', 'Hits': '0', 'RBIs': '0', 'Home Runs': '0', 'Walks': '2', 'Strikeouts': '3', 'AVG': '.183', 'OBP': '.321', 'SLG': '.432', 'Hits+Runs+RBIS': '1', 'Stolen Bases': '0', 'Doubles': '0', 'Triples': '0', 'id': '33712', 'Sac Hits': '0', 'Sac Flies': '0', 'Hit by Pitch': '0', 'Bases on Defensive Interference': '0', 'Total Bases': '0', 'Singles': '0'}, {'name': 'B. Marsh', 'Team': 'Philadelphia Phillies', 'AB': '0', 'Runs': '0', 'Hits': '0', 'RBIs': '0', 'Home Runs': '0', 'Walks': '0', 'Strikeouts': '0', 'AVG': '.279', 'OBP': '.363', 'SLG': '.453', 'Hits+Runs+RBIS': '0', 'Stolen Bases': '0', 'Doubles': '0', 'Triples': '0', 'id': '40803', 'Sac Hits': '0', 'Sac Flies': '0', 'Hit by Pitch': '0', 'Bases on Defensive Interference': '0', 'Total Bases': '0', 'Singles': '0'}, {'name': 'N. Castellanos', 'Team': 'Philadelphia Phillies', 'AB': '5', 'Runs': '0', 'Hits': '1', 'RBIs': '0', 'Home Runs': '0', 'Walks': '0', 'Strikeouts': '2', 'AVG': '.273', 'OBP': '.316', 'SLG': '.444', 'Hits+Runs+RBIS': '1', 'Stolen Bases': '0', 'Doubles': '0', 'Triples': '0', 'id': '31187', 'Sac Hits': '0', 'Sac Flies': '0', 'Hit by Pitch': '0', 'Bases on Defensive Interference': '0', 'Total Bases': '1', 'Singles': '1'}, {'name': 'B. Harper', 'Team': 'Philadelphia Phillies', 'AB': '2', 'Runs': '1', 'Hits': '1', 'RBIs': '1', 'Home Runs': '0', 'Walks': '3', 'Strikeouts': '1', 'AVG': '.291', 'OBP': '.387', 'SLG': '.407', 'Hits+Runs+RBIS': '3', 'Stolen Bases': '0', 'Doubles': '0', 'Triples': '0', 'id': '30951', 'Sac Hits': '0', 'Sac Flies': '0', 'Hit by Pitch': '0', 'Bases on Defensive Interference': '0', 'Total Bases': '1', 'Singles': '1'}, {'name': 'A. Bohm', 'Team': 'Philadelphia Phillies', 'AB': '5', 'Runs': '1', 'Hits': '3', 'RBIs': '3', 'Home Runs': '1', 'Walks': '0', 'Strikeouts': '1', 'AVG': '.284', 'OBP': '.337', 'SLG': '.420', 'Hits+Runs+RBIS': '7', 'Stolen Bases': '0', 'Doubles': '0', 'Triples': '0', 'id': '41169', 'Sac Hits': '0', 'Sac Flies': '0', 'Hit by Pitch': '0', 'Bases on Defensive Interference': '0', 'Total Bases': '6', 'Singles': '2'}, {'name': 'T. Turner', 'Team': 'Philadelphia Phillies', 'AB': '5', 'Runs': '0', 'Hits': '1', 'RBIs': '0', 'Home Runs': '0', 'Walks': '0', 'Strikeouts': '2', 'AVG': '.242', 'OBP': '.294', 'SLG': '.379', 'Hits+Runs+RBIS': '1', 'Stolen Bases': '0', 'Doubles': '1', 'Triples': '0', 'id': '33710', 'Sac Hits': '0', 'Sac Flies': '0', 'Hit by Pitch': '0', 'Bases on Defensive Interference': '0', 'Total Bases': '2', 'Singles': '0'}, {'name': 'E. Sosa', 'Team': 'Philadelphia Phillies', 'AB': '5', 'Runs': '0', 'Hits': '1', 'RBIs': '0', 'Home Runs': '0', 'Walks': '0', 'Strikeouts': '4', 'AVG': '.250', 'OBP': '.278', 'SLG': '.418', 'Hits+Runs+RBIS': '1', 'Stolen Bases': '0', 'Doubles': '0', 'Triples': '0', 'id': '33809', 'Sac Hits': '0', 'Sac Flies': '0', 'Hit by Pitch': '0', 'Bases on Defensive Interference': '0', 'Total Bases': '1', 'Singles': '1'}, {'name': 'J. Harrison', 'Team': 'Philadelphia Phillies', 'AB': '3', 'Runs': '0', 'Hits': '0', 'RBIs': '0', 'Home Runs': '0', 'Walks': '0', 'Strikeouts': '0', 'AVG': '.204', 'OBP': '.263', 'SLG': '.291', 'Hits+Runs+RBIS': '0', 'Stolen Bases': '0', 'Doubles': '0', 'Triples': '0', 'id': '30934', 'Sac Hits': '0', 'Sac Flies': '0', 'Hit by Pitch': '1', 'Bases on Defensive Interference': '0', 'Total Bases': '0', 'Singles': '0'}, {'name': 'G. Stubbs', 'Team': 'Philadelphia Phillies', 'AB': '3', 'Runs': '1', 'Hits': '0', 'RBIs': '0', 'Home Runs': '0', 'Walks': '1', 'Strikeouts': '0', 'AVG': '.203', 'OBP': '.288', 'SLG': '.254', 'Hits+Runs+RBIS': '1', 'Stolen Bases': '0', 'Doubles': '0', 'Triples': '0', 'id': '35760', 'Sac Hits': '0', 'Sac Flies': '0', 'Hit by Pitch': '0', 'Bases on Defensive Interference': '0', 'Total Bases': '0', 'Singles': '0'}, {'name': 'J. Rojas', 'Team': 'Philadelphia Phillies', 'AB': '3', 'Runs': '0', 'Hits': '1', 'RBIs': '0', 'Home Runs': '0', 'Walks': '0', 'Strikeouts': '1', 'AVG': '.348', 'OBP': '.348', 'SLG': '.348', 'Hits+Runs+RBIS': '1', 'Stolen Bases': '0', 'Doubles': '0', 'Triples': '0', 'id': '42829', 'Sac Hits': '1', 'Sac Flies': '0', 'Hit by Pitch': '0', 'Bases on Defensive Interference': '0', 'Total Bases': '1', 'Singles': '1'}], 'awayPitchers': [{'name': 'C. Sanchez', 'Team': 'Philadelphia Phillies', 'Pitching Outs': 15, 'Hits Allowed': '0', 'Total Runs Allowed': '0', 'Runs Allowed': '0', 'Walks Allowed': '2', 'Strikeouts': '3', 'HR': '0', 'PC-ST': '73-46', 'ERA': '2.66', 'Stolen Bases': '0', 'Doubles': '0', 'Triples': '0', 'Home Runs': '0', 'id': '42359', 'Sac Hits': '0', 'Sac Flies': '0', 'Hit by Pitch': '0', 'Bases on Defensive Interference': '0'}, {'name': 'S. Dominguez', 'Team': 'Philadelphia Phillies', 'Pitching Outs': 1, 'Hits Allowed': '3', 'Total Runs Allowed': '2', 'Runs Allowed': '2', 'Walks Allowed': '1', 'Strikeouts': '0', 'HR': '1', 'PC-ST': '25-14', 'ERA': '4.76', 'Extra': 'B, 5', 'Stolen Bases': '0', 'Doubles': '0', 'Triples': '0', 'Home Runs': '0', 'id': '37793', 'Sac Hits': '0', 'Sac Flies': '0', 'Hit by Pitch': '0', 'Bases on Defensive Interference': '0'}, {'name': 'J. Hoffman', 'Team': 'Philadelphia Phillies', 'Pitching Outs': 2, 'Hits Allowed': '1', 'Total Runs Allowed': '0', 'Runs Allowed': '0', 'Walks Allowed': '0', 'Strikeouts': '1', 'HR': '0', 'PC-ST': '10-6', 'ERA': '2.57', 'Stolen Bases': '0', 'Doubles': '0', 'Triples': '0', 'Home Runs': '0', 'id': '33841', 'Sac Hits': '0', 'Sac Flies': '0', 'Hit by Pitch': '0', 'Bases on Defensive Interference': '0'}, {'name': 'G. Soto', 'Team': 'Philadelphia Phillies', 'Pitching Outs': 3, 'Hits Allowed': '1', 'Total Runs Allowed': '1', 'Runs Allowed': '0', 'Walks Allowed': '0', 'Strikeouts': '2', 'HR': '0', 'PC-ST': '11-9', 'ERA': '4.24', 'Extra': 'H, 16', 'Stolen Bases': '0', 'Doubles': '0', 'Triples': '0', 'Home Runs': '0', 'id': '39804', 'Sac Hits': '0', 'Sac Flies': '0', 'Hit by Pitch': '0', 'Bases on Defensive Interference': '0'}, {'name': 'Y. Marte', 'Team': 'Philadelphia Phillies', 'Pitching Outs': 3, 'Hits Allowed': '2', 'Total Runs Allowed': '1', 'Runs Allowed': '1', 'Walks Allowed': '0', 'Strikeouts': '1', 'HR': '0', 'PC-ST': '18-14', 'ERA': '5.10', 'Extra': 'B, 1', 'Stolen Bases': '0', 'Doubles': '0', 'Triples': '0', 'Home Runs': '0', 'id': '40419', 'Sac Hits': '0', 'Sac Flies': '0', 'Hit by Pitch': '0', 'Bases on Defensive Interference': '0'}, {'name': 'C. Kimbrel', 'Team': 'Philadelphia Phillies', 'Pitching Outs': 3, 'Hits Allowed': '1', 'Total Runs Allowed': '0', 'Runs Allowed': '0', 'Walks Allowed': '0', 'Strikeouts': '1', 'HR': '0', 'PC-ST': '15-9', 'ERA': '3.20', 'Stolen Bases': '0', 'Doubles': '0', 'Triples': '0', 'Home Runs': '0', 'id': '30653', 'Sac Hits': '0', 'Sac Flies': '0', 'Hit by Pitch': '0', 'Bases on Defensive Interference': '0'}, {'name': 'A. Vasquez', 'Team': 'Philadelphia Phillies', 'Pitching Outs': 0, 'Hits Allowed': '1', 'Total Runs Allowed': '2', 'Runs Allowed': '1', 'Walks Allowed': '0', 'Strikeouts': '0', 'HR': '1', 'PC-ST': '3-1', 'ERA': '2.27', 'Extra': 'L, 2-1', 'Stolen Bases': '0', 'Doubles': '0', 'Triples': '0', 'Home Runs': '0', 'id': '41129', 'Sac Hits': '0', 'Sac Flies': '0', 'Hit by Pitch': '0', 'Bases on Defensive Interference': '0'}], 'players': [{'name': 'K. Schwarber', 'Team': 'Philadelphia Phillies', 'AB': '3', 'Runs': '1', 'Hits': '0', 'RBIs': '0', 'Home Runs': '0', 'Walks': '2', 'Strikeouts': '3', 'AVG': '.183', 'OBP': '.321', 'SLG': '.432', 'Hits+Runs+RBIS': '1', 'Stolen Bases': '0', 'Doubles': '0', 'Triples': '0', 'id': '33712', 'Sac Hits': '0', 'Sac Flies': '0', 'Hit by Pitch': '0', 'Bases on Defensive Interference': '0', 'Total Bases': '0', 'Singles': '0'}, {'name': 'B. Marsh', 'Team': 'Philadelphia Phillies', 'AB': '0', 'Runs': '0', 'Hits': '0', 'RBIs': '0', 'Home Runs': '0', 'Walks': '0', 'Strikeouts': '0', 'AVG': '.279', 'OBP': '.363', 'SLG': '.453', 'Hits+Runs+RBIS': '0', 'Stolen Bases': '0', 'Doubles': '0', 'Triples': '0', 'id': '40803', 'Sac Hits': '0', 'Sac Flies': '0', 'Hit by Pitch': '0', 'Bases on Defensive Interference': '0', 'Total Bases': '0', 'Singles': '0'}, {'name': 'N. Castellanos', 'Team': 'Philadelphia Phillies', 'AB': '5', 'Runs': '0', 'Hits': '1', 'RBIs': '0', 'Home Runs': '0', 'Walks': '0', 'Strikeouts': '2', 'AVG': '.273', 'OBP': '.316', 'SLG': '.444', 'Hits+Runs+RBIS': '1', 'Stolen Bases': '0', 'Doubles': '0', 'Triples': '0', 'id': '31187', 'Sac Hits': '0', 'Sac Flies': '0', 'Hit by Pitch': '0', 'Bases on Defensive Interference': '0', 'Total Bases': '1', 'Singles': '1'}, {'name': 'B. Harper', 'Team': 'Philadelphia Phillies', 'AB': '2', 'Runs': '1', 'Hits': '1', 'RBIs': '1', 'Home Runs': '0', 'Walks': '3', 'Strikeouts': '1', 'AVG': '.291', 'OBP': '.387', 'SLG': '.407', 'Hits+Runs+RBIS': '3', 'Stolen Bases': '0', 'Doubles': '0', 'Triples': '0', 'id': '30951', 'Sac Hits': '0', 'Sac Flies': '0', 'Hit by Pitch': '0', 'Bases on Defensive Interference': '0', 'Total Bases': '1', 'Singles': '1'}, {'name': 'A. Bohm', 'Team': 'Philadelphia Phillies', 'AB': '5', 'Runs': '1', 'Hits': '3', 'RBIs': '3', 'Home Runs': '1', 'Walks': '0', 'Strikeouts': '1', 'AVG': '.284', 'OBP': '.337', 'SLG': '.420', 'Hits+Runs+RBIS': '7', 'Stolen Bases': '0', 'Doubles': '0', 'Triples': '0', 'id': '41169', 'Sac Hits': '0', 'Sac Flies': '0', 'Hit by Pitch': '0', 'Bases on Defensive Interference': '0', 'Total Bases': '6', 'Singles': '2'}, {'name': 'T. Turner', 'Team': 'Philadelphia Phillies', 'AB': '5', 'Runs': '0', 'Hits': '1', 'RBIs': '0', 'Home Runs': '0', 'Walks': '0', 'Strikeouts': '2', 'AVG': '.242', 'OBP': '.294', 'SLG': '.379', 'Hits+Runs+RBIS': '1', 'Stolen Bases': '0', 'Doubles': '1', 'Triples': '0', 'id': '33710', 'Sac Hits': '0', 'Sac Flies': '0', 'Hit by Pitch': '0', 'Bases on Defensive Interference': '0', 'Total Bases': '2', 'Singles': '0'}, {'name': 'E. Sosa', 'Team': 'Philadelphia Phillies', 'AB': '5', 'Runs': '0', 'Hits': '1', 'RBIs': '0', 'Home Runs': '0', 'Walks': '0', 'Strikeouts': '4', 'AVG': '.250', 'OBP': '.278', 'SLG': '.418', 'Hits+Runs+RBIS': '1', 'Stolen Bases': '0', 'Doubles': '0', 'Triples': '0', 'id': '33809', 'Sac Hits': '0', 'Sac Flies': '0', 'Hit by Pitch': '0', 'Bases on Defensive Interference': '0', 'Total Bases': '1', 'Singles': '1'}, {'name': 'J. Harrison', 'Team': 'Philadelphia Phillies', 'AB': '3', 'Runs': '0', 'Hits': '0', 'RBIs': '0', 'Home Runs': '0', 'Walks': '0', 'Strikeouts': '0', 'AVG': '.204', 'OBP': '.263', 'SLG': '.291', 'Hits+Runs+RBIS': '0', 'Stolen Bases': '0', 'Doubles': '0', 'Triples': '0', 'id': '30934', 'Sac Hits': '0', 'Sac Flies': '0', 'Hit by Pitch': '1', 'Bases on Defensive Interference': '0', 'Total Bases': '0', 'Singles': '0'}, {'name': 'G. Stubbs', 'Team': 'Philadelphia Phillies', 'AB': '3', 'Runs': '1', 'Hits': '0', 'RBIs': '0', 'Home Runs': '0', 'Walks': '1', 'Strikeouts': '0', 'AVG': '.203', 'OBP': '.288', 'SLG': '.254', 'Hits+Runs+RBIS': '1', 'Stolen Bases': '0', 'Doubles': '0', 'Triples': '0', 'id': '35760', 'Sac Hits': '0', 'Sac Flies': '0', 'Hit by Pitch': '0', 'Bases on Defensive Interference': '0', 'Total Bases': '0', 'Singles': '0'}, {'name': 'J. Rojas', 'Team': 'Philadelphia Phillies', 'AB': '3', 'Runs': '0', 'Hits': '1', 'RBIs': '0', 'Home Runs': '0', 'Walks': '0', 'Strikeouts': '1', 'AVG': '.348', 'OBP': '.348', 'SLG': '.348', 'Hits+Runs+RBIS': '1', 'Stolen Bases': '0', 'Doubles': '0', 'Triples': '0', 'id': '42829', 'Sac Hits': '1', 'Sac Flies': '0', 'Hit by Pitch': '0', 'Bases on Defensive Interference': '0', 'Total Bases': '1', 'Singles': '1'}, {'name': 'C. Sanchez', 'Team': 'Philadelphia Phillies', 'Pitching Outs': 15, 'Hits Allowed': '0', 'Total Runs Allowed': '0', 'Runs Allowed': '0', 'Walks Allowed': '2', 'Strikeouts': '3', 'HR': '0', 'PC-ST': '73-46', 'ERA': '2.66', 'Stolen Bases': '0', 'Doubles': '0', 'Triples': '0', 'Home Runs': '0', 'id': '42359', 'Sac Hits': '0', 'Sac Flies': '0', 'Hit by Pitch': '0', 'Bases on Defensive Interference': '0'}, {'name': 'S. Dominguez', 'Team': 'Philadelphia Phillies', 'Pitching Outs': 1, 'Hits Allowed': '3', 'Total Runs Allowed': '2', 'Runs Allowed': '2', 'Walks Allowed': '1', 'Strikeouts': '0', 'HR': '1', 'PC-ST': '25-14', 'ERA': '4.76', 'Extra': 'B, 5', 'Stolen Bases': '0', 'Doubles': '0', 'Triples': '0', 'Home Runs': '0', 'id': '37793', 'Sac Hits': '0', 'Sac Flies': '0', 'Hit by Pitch': '0', 'Bases on Defensive Interference': '0'}, {'name': 'J. Hoffman', 'Team': 'Philadelphia Phillies', 'Pitching Outs': 2, 'Hits Allowed': '1', 'Total Runs Allowed': '0', 'Runs Allowed': '0', 'Walks Allowed': '0', 'Strikeouts': '1', 'HR': '0', 'PC-ST': '10-6', 'ERA': '2.57', 'Stolen Bases': '0', 'Doubles': '0', 'Triples': '0', 'Home Runs': '0', 'id': '33841', 'Sac Hits': '0', 'Sac Flies': '0', 'Hit by Pitch': '0', 'Bases on Defensive Interference': '0'}, {'name': 'G. Soto', 'Team': 'Philadelphia Phillies', 'Pitching Outs': 3, 'Hits Allowed': '1', 'Total Runs Allowed': '1', 'Runs Allowed': '0', 'Walks Allowed': '0', 'Strikeouts': '2', 'HR': '0', 'PC-ST': '11-9', 'ERA': '4.24', 'Extra': 'H, 16', 'Stolen Bases': '0', 'Doubles': '0', 'Triples': '0', 'Home Runs': '0', 'id': '39804', 'Sac Hits': '0', 'Sac Flies': '0', 'Hit by Pitch': '0', 'Bases on Defensive Interference': '0'}, {'name': 'Y. Marte', 'Team': 'Philadelphia Phillies', 'Pitching Outs': 3, 'Hits Allowed': '2', 'Total Runs Allowed': '1', 'Runs Allowed': '1', 'Walks Allowed': '0', 'Strikeouts': '1', 'HR': '0', 'PC-ST': '18-14', 'ERA': '5.10', 'Extra': 'B, 1', 'Stolen Bases': '0', 'Doubles': '0', 'Triples': '0', 'Home Runs': '0', 'id': '40419', 'Sac Hits': '0', 'Sac Flies': '0', 'Hit by Pitch': '0', 'Bases on Defensive Interference': '0'}, {'name': 'C. Kimbrel', 'Team': 'Philadelphia Phillies', 'Pitching Outs': 3, 'Hits Allowed': '1', 'Total Runs Allowed': '0', 'Runs Allowed': '0', 'Walks Allowed': '0', 'Strikeouts': '1', 'HR': '0', 'PC-ST': '15-9', 'ERA': '3.20', 'Stolen Bases': '0', 'Doubles': '0', 'Triples': '0', 'Home Runs': '0', 'id': '30653', 'Sac Hits': '0', 'Sac Flies': '0', 'Hit by Pitch': '0', 'Bases on Defensive Interference': '0'}, {'name': 'A. Vasquez', 'Team': 'Philadelphia Phillies', 'Pitching Outs': 0, 'Hits Allowed': '1', 'Total Runs Allowed': '2', 'Runs Allowed': '1', 'Walks Allowed': '0', 'Strikeouts': '0', 'HR': '1', 'PC-ST': '3-1', 'ERA': '2.27', 'Extra': 'L, 2-1', 'Stolen Bases': '0', 'Doubles': '0', 'Triples': '0', 'Home Runs': '0', 'id': '41129', 'Sac Hits': '0', 'Sac Flies': '0', 'Hit by Pitch': '0', 'Bases on Defensive Interference': '0'}]}","{'Away': ['0', '0', '0', '2', '0', '0', '2', '0', '0', '0', '4', 8, 2], 'Home': ['0', '0', '0', '0', '0', '2', '1', '1', '0', '2', '6', 9, 1], 'Labels': [1, 2, 3, 4, 5, 6, 7, 8, 9, 10, 'Runs', 'Home Runs', 'Errors']}",False,mlb,20230730
Detroit Tigers@Miami Marlins,"{'homeShort': 'MIA', 'homeTeam': 'Miami Marlins', 'homeHitters': [{'name': 'L. Arraez', 'Team': 'Miami Marlins', 'AB': '4', 'Runs': '0', 'Hits': '0', 'RBIs': '0', 'Home Runs': '0', 'Walks': '1', 'Strikeouts': '0', 'AVG': '.377', 'OBP': '.426', 'SLG': '.473', 'Hits+Runs+RBIS': '0', 'Stolen Bases': '0', 'Doubles': '0', 'Triples': '0', 'id': '39572', 'Sac Hits': '0', 'Sac Flies': '0', 'Hit by Pitch': '0', 'Bases on Defensive Interference': '0', 'Total Bases': '0', 'Singles': '0'}, {'name': 'B. De La Cruz', 'Team': 'Miami Marlins', 'AB': '5', 'Runs': '0', 'Hits': '0', 'RBIs': '0', 'Home Runs': '0', 'Walks': '0', 'Strikeouts': '4', 'AVG': '.267', 'OBP': '.313', 'SLG': '.432', 'Hits+Runs+RBIS': '0', 'Stolen Bases': '0', 'Doubles': '0', 'Triples': '0', 'id': '40787', 'Sac Hits': '0', 'Sac Flies': '0', 'Hit by Pitch': '0', 'Bases on Defensive Interference': '0', 'Total Bases': '0', 'Singles': '0'}, {'name': 'G. Cooper', 'Team': 'Miami Marlins', 'AB': '4', 'Runs': '1', 'Hits': '1', 'RBIs': '2', 'Home Runs': '1', 'Walks': '0', 'Strikeouts': '1', 'AVG': '.258', 'OBP': '.297', 'SLG': '.430', 'Hits+Runs+RBIS': '4', 'Stolen Bases': '0', 'Doubles': '0', 'Triples': '0', 'id': '33398', 'Sac Hits': '0', 'Sac Flies': '0', 'Hit by Pitch': '0', 'Bases on Defensive Interference': '0', 'Total Bases': '4', 'Singles': '0'}, {'name': 'J. Berti', 'Team': 'Miami Marlins', 'AB': '4', 'Runs': '1', 'Hits': '2', 'RBIs': '0', 'Home Runs': '0', 'Walks': '0', 'Strikeouts': '1', 'AVG': '.299', 'OBP': '.340', 'SLG': '.381', 'Hits+Runs+RBIS': '3', 'Stolen Bases': '1', 'Doubles': '0', 'Triples': '0', 'id': '32273', 'Sac Hits': '0', 'Sac Flies': '0', 'Hit by Pitch': '0', 'Bases on Defensive Interference': '0', 'Total Bases': '2', 'Singles': '2'}, {'name': 'J. Wendle', 'Team': 'Miami Marlins', 'AB': '0', 'Runs': '0', 'Hits': '0', 'RBIs': '0', 'Home Runs': '0', 'Walks': '0', 'Strikeouts': '0', 'AVG': '.250', 'OBP': '.290', 'SLG': '.350', 'Hits+Runs+RBIS': '0', 'Stolen Bases': '0', 'Doubles': '0', 'Triples': '0', 'id': '33017', 'Sac Hits': '0', 'Sac Flies': '0', 'Hit by Pitch': '0', 'Bases on Defensive Interference': '0', 'Total Bases': '0', 'Singles': '0'}, {'name': 'A. Garcia', 'Team': 'Miami Marlins', 'AB': '4', 'Runs': '1', 'Hits': '2', 'RBIs': '1', 'Home Runs': '0', 'Walks': '0', 'Strikeouts': '0', 'AVG': '.205', 'OBP': '.256', 'SLG': '.370', 'Hits+Runs+RBIS': '4', 'Stolen Bases': '0', 'Doubles': '0', 'Triples': '1', 'id': '30729', 'Sac Hits': '0', 'Sac Flies': '0', 'Hit by Pitch': '0', 'Bases on Defensive Interference': '0', 'Total Bases': '4', 'Singles': '1'}, {'name': 'Y. Gurriel', 'Team': 'Miami Marlins', 'AB': '4', 'Runs': '1', 'Hits': '2', 'RBIs': '1', 'Home Runs': '0', 'Walks': '0', 'Strikeouts': '0', 'AVG': '.268', 'OBP': '.327', 'SLG': '.386', 'Hits+Runs+RBIS': '4', 'Stolen Bases': '0', 'Doubles': '0', 'Triples': '0', 'id': '36006', 'Sac Hits': '0', 'Sac Flies': '0', 'Hit by Pitch': '0', 'Bases on Defensive Interference': '0', 'Total Bases': '2', 'Singles': '2'}, {'name': 'J. Segura', 'Team': 'Miami Marlins', 'AB': '4', 'Runs': '2', 'Hits': '2', 'RBIs': '1', 'Home Runs': '1', 'Walks': '0', 'Strikeouts': '0', 'AVG': '.222', 'OBP': '.280', 'SLG': '.283', 'Hits+Runs+RBIS': '5', 'Stolen Bases': '0', 'Doubles': '0', 'Triples': '0', 'id': '31037', 'Sac Hits': '0', 'Sac Flies': '0', 'Hit by Pitch': '0', 'Bases on Defensive Interference': '0', 'Total Bases': '5', 'Singles': '1'}, {'name': 'N. Fortes', 'Team': 'Miami Marlins', 'AB': '4', 'Runs': '1', 'Hits': '1', 'RBIs': '1', 'Home Runs': '0', 'Walks': '0', 'Strikeouts': '0', 'AVG': '.214', 'OBP': '.262', 'SLG': '.290', 'Hits+Runs+RBIS': '3', 'Stolen Bases': '0', 'Doubles': '1', 'Triples': '0', 'id': '41674', 'Sac Hits': '0', 'Sac Flies': '0', 'Hit by Pitch': '0', 'Bases on Defensive Interference': '0', 'Total Bases': '2', 'Singles': '0'}, {'name': 'G. Hampson', 'Team': 'Miami Marlins', 'AB': '4', 'Runs': '1', 'Hits': '3', 'RBIs': '2', 'Home Runs': '0', 'Walks': '0', 'Strikeouts': '0', 'AVG': '.275', 'OBP': '.346', 'SLG': '.384', 'Hits+Runs+RBIS': '6', 'Stolen Bases': '0', 'Doubles': '1', 'Triples': '0', 'id': '39899', 'Sac Hits': '0', 'Sac Flies': '0', 'Hit by Pitch': '0', 'Bases on Defensive Interference': '0', 'Total Bases': '4', 'Singles': '2'}], 'homePitchers': [{'name': 'J. Luzardo', 'Team': 'Miami Marlins', 'Pitching Outs': 14, 'Hits Allowed': '6', 'Total Runs Allowed': '4', 'Runs Allowed': '1', 'Walks Allowed': '3', 'Strikeouts': '3', 'HR': '0', 'PC-ST': '96-62', 'ERA': '3.17', 'Stolen Bases': '0', 'Doubles': '0', 'Triples': '0', 'Home Runs': '0', 'id': '39667', 'Sac Hits': '0', 'Sac Flies': '0', 'Hit by Pitch': '0', 'Bases on Defensive Interference': '0'}, {'name': 'G. Soriano', 'Team': 'Miami Marlins', 'Pitching Outs': 4, 'Hits Allowed': '1', 'Total Runs Allowed': '0', 'Runs Allowed': '0', 'Walks Allowed': '1', 'Strikeouts': '2', 'HR': '0', 'PC-ST': '26-13', 'ERA': '1.98', 'Stolen Bases': '0', 'Doubles': '0', 'Triples': '0', 'Home Runs': '0', 'id': '4917836', 'Sac Hits': '0', 'Sac Flies': '0', 'Hit by Pitch': '0', 'Bases on Defensive Interference': '0'}, {'name': 'A.J. Puk', 'Team': 'Miami Marlins', 'Pitching Outs': 1, 'Hits Allowed': '3', 'Total Runs Allowed': '2', 'Runs Allowed': '2', 'Walks Allowed': '1', 'Strikeouts': '1', 'HR': '0', 'PC-ST': '23-14', 'ERA': '5.08', 'Extra': 'B, 6', 'Stolen Bases': '0', 'Doubles': '0', 'Triples': '0', 'Home Runs': '0', 'id': '36201', 'Sac Hits': '0', 'Sac Flies': '0', 'Hit by Pitch': '0', 'Bases on Defensive Interference': '0'}, {'name': 'J. Lopez', 'Team': 'Miami Marlins', 'Pitching Outs': 2, 'Hits Allowed': '0', 'Total Runs Allowed': '0', 'Runs Allowed': '0', 'Walks Allowed': '0', 'Strikeouts': '1', 'HR': '0', 'PC-ST': '11-6', 'ERA': '4.86', 'Extra': 'W, 5-2', 'Stolen Bases': '0', 'Doubles': '0', 'Triples': '0', 'Home Runs': '0', 'id': '33833', 'Sac Hits': '0', 'Sac Flies': '0', 'Hit by Pitch': '0', 'Bases on Defensive Interference': '0'}, {'name': 'T. Scott', 'Team': 'Miami Marlins', 'Pitching Outs': 3, 'Hits Allowed': '0', 'Total Runs Allowed': '0', 'Runs Allowed': '0', 'Walks Allowed': '0', 'Strikeouts': '0', 'HR': '0', 'PC-ST': '12-7', 'ERA': '2.90', 'Extra': 'H, 21', 'Stolen Bases': '0', 'Doubles': '0', 'Triples': '0', 'Home Runs': '0', 'id': '35135', 'Sac Hits': '0', 'Sac Flies': '0', 'Hit by Pitch': '0', 'Bases on Defensive Interference': '0'}, {'name': 'D. Robertson', 'Team': 'Miami Marlins', 'Pitching Outs': 3, 'Hits Allowed': '0', 'Total Runs Allowed': '0', 'Runs Allowed': '0', 'Walks Allowed': '0', 'Strikeouts': '1', 'HR': '0', 'PC-ST': '12-8', 'ERA': '2.00', 'Extra': 'S, 15', 'Stolen Bases': '0', 'Doubles': '0', 'Triples': '0', 'Home Runs': '0', 'id': '29172', 'Sac Hits': '0', 'Sac Flies': '0', 'Hit by Pitch': '0', 'Bases on Defensive Interference': '0'}], 'players': [{'name': 'L. Arraez', 'Team': 'Miami Marlins', 'AB': '4', 'Runs': '0', 'Hits': '0', 'RBIs': '0', 'Home Runs': '0', 'Walks': '1', 'Strikeouts': '0', 'AVG': '.377', 'OBP': '.426', 'SLG': '.473', 'Hits+Runs+RBIS': '0', 'Stolen Bases': '0', 'Doubles': '0', 'Triples': '0', 'id': '39572', 'Sac Hits': '0', 'Sac Flies': '0', 'Hit by Pitch': '0', 'Bases on Defensive Interference': '0', 'Total Bases': '0', 'Singles': '0'}, {'name': 'B. De La Cruz', 'Team': 'Miami Marlins', 'AB': '5', 'Runs': '0', 'Hits': '0', 'RBIs': '0', 'Home Runs': '0', 'Walks': '0', 'Strikeouts': '4', 'AVG': '.267', 'OBP': '.313', 'SLG': '.432', 'Hits+Runs+RBIS': '0', 'Stolen Bases': '0', 'Doubles': '0', 'Triples': '0', 'id': '40787', 'Sac Hits': '0', 'Sac Flies': '0', 'Hit by Pitch': '0', 'Bases on Defensive Interference': '0', 'Total Bases': '0', 'Singles': '0'}, {'name': 'G. Cooper', 'Team': 'Miami Marlins', 'AB': '4', 'Runs': '1', 'Hits': '1', 'RBIs': '2', 'Home Runs': '1', 'Walks': '0', 'Strikeouts': '1', 'AVG': '.258', 'OBP': '.297', 'SLG': '.430', 'Hits+Runs+RBIS': '4', 'Stolen Bases': '0', 'Doubles': '0', 'Triples': '0', 'id': '33398', 'Sac Hits': '0', 'Sac Flies': '0', 'Hit by Pitch': '0', 'Bases on Defensive Interference': '0', 'Total Bases': '4', 'Singles': '0'}, {'name': 'J. Berti', 'Team': 'Miami Marlins', 'AB': '4', 'Runs': '1', 'Hits': '2', 'RBIs': '0', 'Home Runs': '0', 'Walks': '0', 'Strikeouts': '1', 'AVG': '.299', 'OBP': '.340', 'SLG': '.381', 'Hits+Runs+RBIS': '3', 'Stolen Bases': '1', 'Doubles': '0', 'Triples': '0', 'id': '32273', 'Sac Hits': '0', 'Sac Flies': '0', 'Hit by Pitch': '0', 'Bases on Defensive Interference': '0', 'Total Bases': '2', 'Singles': '2'}, {'name': 'J. Wendle', 'Team': 'Miami Marlins', 'AB': '0', 'Runs': '0', 'Hits': '0', 'RBIs': '0', 'Home Runs': '0', 'Walks': '0', 'Strikeouts': '0', 'AVG': '.250', 'OBP': '.290', 'SLG': '.350', 'Hits+Runs+RBIS': '0', 'Stolen Bases': '0', 'Doubles': '0', 'Triples': '0', 'id': '33017', 'Sac Hits': '0', 'Sac Flies': '0', 'Hit by Pitch': '0', 'Bases on Defensive Interference': '0', 'Total Bases': '0', 'Singles': '0'}, {'name': 'A. Garcia', 'Team': 'Miami Marlins', 'AB': '4', 'Runs': '1', 'Hits': '2', 'RBIs': '1', 'Home Runs': '0', 'Walks': '0', 'Strikeouts': '0', 'AVG': '.205', 'OBP': '.256', 'SLG': '.370', 'Hits+Runs+RBIS': '4', 'Stolen Bases': '0', 'Doubles': '0', 'Triples': '1', 'id': '30729', 'Sac Hits': '0', 'Sac Flies': '0', 'Hit by Pitch': '0', 'Bases on Defensive Interference': '0', 'Total Bases': '4', 'Singles': '1'}, {'name': 'Y. Gurriel', 'Team': 'Miami Marlins', 'AB': '4', 'Runs': '1', 'Hits': '2', 'RBIs': '1', 'Home Runs': '0', 'Walks': '0', 'Strikeouts': '0', 'AVG': '.268', 'OBP': '.327', 'SLG': '.386', 'Hits+Runs+RBIS': '4', 'Stolen Bases': '0', 'Doubles': '0', 'Triples': '0', 'id': '36006', 'Sac Hits': '0', 'Sac Flies': '0', 'Hit by Pitch': '0', 'Bases on Defensive Interference': '0', 'Total Bases': '2', 'Singles': '2'}, {'name': 'J. Segura', 'Team': 'Miami Marlins', 'AB': '4', 'Runs': '2', 'Hits': '2', 'RBIs': '1', 'Home Runs': '1', 'Walks': '0', 'Strikeouts': '0', 'AVG': '.222', 'OBP': '.280', 'SLG': '.283', 'Hits+Runs+RBIS': '5', 'Stolen Bases': '0', 'Doubles': '0', 'Triples': '0', 'id': '31037', 'Sac Hits': '0', 'Sac Flies': '0', 'Hit by Pitch': '0', 'Bases on Defensive Interference': '0', 'Total Bases': '5', 'Singles': '1'}, {'name': 'N. Fortes', 'Team': 'Miami Marlins', 'AB': '4', 'Runs': '1', 'Hits': '1', 'RBIs': '1', 'Home Runs': '0', 'Walks': '0', 'Strikeouts': '0', 'AVG': '.214', 'OBP': '.262', 'SLG': '.290', 'Hits+Runs+RBIS': '3', 'Stolen Bases': '0', 'Doubles': '1', 'Triples': '0', 'id': '41674', 'Sac Hits': '0', 'Sac Flies': '0', 'Hit by Pitch': '0', 'Bases on Defensive Interference': '0', 'Total Bases': '2', 'Singles': '0'}, {'name': 'G. Hampson', 'Team': 'Miami Marlins', 'AB': '4', 'Runs': '1', 'Hits': '3', 'RBIs': '2', 'Home Runs': '0', 'Walks': '0', 'Strikeouts': '0', 'AVG': '.275', 'OBP': '.346', 'SLG': '.384', 'Hits+Runs+RBIS': '6', 'Stolen Bases': '0', 'Doubles': '1', 'Triples': '0', 'id': '39899', 'Sac Hits': '0', 'Sac Flies': '0', 'Hit by Pitch': '0', 'Bases on Defensive Interference': '0', 'Total Bases': '4', 'Singles': '2'}, {'name': 'J. Luzardo', 'Team': 'Miami Marlins', 'Pitching Outs': 14, 'Hits Allowed': '6', 'Total Runs Allowed': '4', 'Runs Allowed': '1', 'Walks Allowed': '3', 'Strikeouts': '3', 'HR': '0', 'PC-ST': '96-62', 'ERA': '3.17', 'Stolen Bases': '0', 'Doubles': '0', 'Triples': '0', 'Home Runs': '0', 'id': '39667', 'Sac Hits': '0', 'Sac Flies': '0', 'Hit by Pitch': '0', 'Bases on Defensive Interference': '0'}, {'name': 'G. Soriano', 'Team': 'Miami Marlins', 'Pitching Outs': 4, 'Hits Allowed': '1', 'Total Runs Allowed': '0', 'Runs Allowed': '0', 'Walks Allowed': '1', 'Strikeouts': '2', 'HR': '0', 'PC-ST': '26-13', 'ERA': '1.98', 'Stolen Bases': '0', 'Doubles': '0', 'Triples': '0', 'Home Runs': '0', 'id': '4917836', 'Sac Hits': '0', 'Sac Flies': '0', 'Hit by Pitch': '0', 'Bases on Defensive Interference': '0'}, {'name': 'A.J. Puk', 'Team': 'Miami Marlins', 'Pitching Outs': 1, 'Hits Allowed': '3', 'Total Runs Allowed': '2', 'Runs Allowed': '2', 'Walks Allowed': '1', 'Strikeouts': '1', 'HR': '0', 'PC-ST': '23-14', 'ERA': '5.08', 'Extra': 'B, 6', 'Stolen Bases': '0', 'Doubles': '0', 'Triples': '0', 'Home Runs': '0', 'id': '36201', 'Sac Hits': '0', 'Sac Flies': '0', 'Hit by Pitch': '0', 'Bases on Defensive Interference': '0'}, {'name': 'J. Lopez', 'Team': 'Miami Marlins', 'Pitching Outs': 2, 'Hits Allowed': '0', 'Total Runs Allowed': '0', 'Runs Allowed': '0', 'Walks Allowed': '0', 'Strikeouts': '1', 'HR': '0', 'PC-ST': '11-6', 'ERA': '4.86', 'Extra': 'W, 5-2', 'Stolen Bases': '0', 'Doubles': '0', 'Triples': '0', 'Home Runs': '0', 'id': '33833', 'Sac Hits': '0', 'Sac Flies': '0', 'Hit by Pitch': '0', 'Bases on Defensive Interference': '0'}, {'name': 'T. Scott', 'Team': 'Miami Marlins', 'Pitching Outs': 3, 'Hits Allowed': '0', 'Total Runs Allowed': '0', 'Runs Allowed': '0', 'Walks Allowed': '0', 'Strikeouts': '0', 'HR': '0', 'PC-ST': '12-7', 'ERA': '2.90', 'Extra': 'H, 21', 'Stolen Bases': '0', 'Doubles': '0', 'Triples': '0', 'Home Runs': '0', 'id': '35135', 'Sac Hits': '0', 'Sac Flies': '0', 'Hit by Pitch': '0', 'Bases on Defensive Interference': '0'}, {'name': 'D. Robertson', 'Team': 'Miami Marlins', 'Pitching Outs': 3, 'Hits Allowed': '0', 'Total Runs Allowed': '0', 'Runs Allowed': '0', 'Walks Allowed': '0', 'Strikeouts': '1', 'HR': '0', 'PC-ST': '12-8', 'ERA': '2.00', 'Extra': 'S, 15', 'Stolen Bases': '0', 'Doubles': '0', 'Triples': '0', 'Home Runs': '0', 'id': '29172', 'Sac Hits': '0', 'Sac Flies': '0', 'Hit by Pitch': '0', 'Bases on Defensive Interference': '0'}]}","{'awayShort': 'DET', 'awayTeam': 'Detroit Tigers', 'awayHitters': [{'name': 'M. Vierling', 'Team': 'Detroit Tigers', 'AB': '4', 'Runs': '1', 'Hits': '2', 'RBIs': '0', 'Home Runs': '0', 'Walks': '1', 'Strikeouts': '0', 'AVG': '.269', 'OBP': '.331', 'SLG': '.390', 'Hits+Runs+RBIS': '3', 'Stolen Bases': '0', 'Doubles': '0', 'Triples': '0', 'id': '41636', 'Sac Hits': '0', 'Sac Flies': '0', 'Hit by Pitch': '0', 'Bases on Defensive Interference': '0', 'Total Bases': '2', 'Singles': '2'}, {'name': 'A. Ibanez', 'Team': 'Detroit Tigers', 'AB': '3', 'Runs': '0', 'Hits': '2', 'RBIs': '0', 'Home Runs': '0', 'Walks': '0', 'Strikeouts': '0', 'AVG': '.241', 'OBP': '.276', 'SLG': '.414', 'Hits+Runs+RBIS': '2', 'Stolen Bases': '0', 'Doubles': '1', 'Triples': '0', 'id': '34947', 'Sac Hits': '0', 'Sac Flies': '0', 'Hit by Pitch': '0', 'Bases on Defensive Interference': '0', 'Total Bases': '3', 'Singles': '1'}, {'name': 'Z. McKinstry', 'Team': 'Detroit Tigers', 'AB': '2', 'Runs': '0', 'Hits': '0', 'RBIs': '0', 'Home Runs': '0', 'Walks': '0', 'Strikeouts': '0', 'AVG': '.238', 'OBP': '.313', 'SLG': '.363', 'Hits+Runs+RBIS': '0', 'Stolen Bases': '0', 'Doubles': '0', 'Triples': '0', 'id': '38420', 'Sac Hits': '0', 'Sac Flies': '0', 'Hit by Pitch': '0', 'Bases on Defensive Interference': '0', 'Total Bases': '0', 'Singles': '0'}, {'name': 'S. Torkelson', 'Team': 'Detroit Tigers', 'AB': '5', 'Runs': '1', 'Hits': '0', 'RBIs': '0', 'Home Runs': '0', 'Walks': '0', 'Strikeouts': '1', 'AVG': '.227', 'OBP': '.304', 'SLG': '.403', 'Hits+Runs+RBIS': '1', 'Stolen Bases': '0', 'Doubles': '0', 'Triples': '0', 'id': '4424286', 'Sac Hits': '0', 'Sac Flies': '0', 'Hit by Pitch': '0', 'Bases on Defensive Interference': '0', 'Total Bases': '0', 'Singles': '0'}, {'name': 'R. Greene', 'Team': 'Detroit Tigers', 'AB': '4', 'Runs': '1', 'Hits': '1', 'RBIs': '0', 'Home Runs': '0', 'Walks': '1', 'Strikeouts': '1', 'AVG': '.307', 'OBP': '.372', 'SLG': '.467', 'Hits+Runs+RBIS': '2', 'Stolen Bases': '0', 'Doubles': '1', 'Triples': '0', 'id': '42179', 'Sac Hits': '0', 'Sac Flies': '0', 'Hit by Pitch': '0', 'Bases on Defensive Interference': '0', 'Total Bases': '2', 'Singles': '0'}, {'name': 'J. Baez', 'Team': 'Detroit Tigers', 'AB': '5', 'Runs': '2', 'Hits': '2', 'RBIs': '1', 'Home Runs': '0', 'Walks': '0', 'Strikeouts': '0', 'AVG': '.225', 'OBP': '.264', 'SLG': '.330', 'Hits+Runs+RBIS': '5', 'Stolen Bases': '0', 'Doubles': '0', 'Triples': '0', 'id': '32127', 'Sac Hits': '0', 'Sac Flies': '0', 'Hit by Pitch': '0', 'Bases on Defensive Interference': '0', 'Total Bases': '2', 'Singles': '2'}, {'name': 'J. Rogers', 'Team': 'Detroit Tigers', 'AB': '5', 'Runs': '1', 'Hits': '1', 'RBIs': '0', 'Home Runs': '0', 'Walks': '0', 'Strikeouts': '1', 'AVG': '.215', 'OBP': '.298', 'SLG': '.440', 'Hits+Runs+RBIS': '2', 'Stolen Bases': '0', 'Doubles': '1', 'Triples': '0', 'id': '39900', 'Sac Hits': '0', 'Sac Flies': '0', 'Hit by Pitch': '0', 'Bases on Defensive Interference': '0', 'Total Bases': '2', 'Singles': '0'}, {'name': 'M. Cabrera', 'Team': 'Detroit Tigers', 'AB': '3', 'Runs': '0', 'Hits': '1', 'RBIs': '2', 'Home Runs': '0', 'Walks': '1', 'Strikeouts': '0', 'AVG': '.251', 'OBP': '.333', 'SLG': '.328', 'Hits+Runs+RBIS': '3', 'Stolen Bases': '0', 'Doubles': '1', 'Triples': '0', 'id': '5544', 'Sac Hits': '0', 'Sac Flies': '0', 'Hit by Pitch': '0', 'Bases on Defensive Interference': '0', 'Total Bases': '2', 'Singles': '0'}, {'name': 'A. Baddoo', 'Team': 'Detroit Tigers', 'AB': '1', 'Runs': '0', 'Hits': '0', 'RBIs': '0', 'Home Runs': '0', 'Walks': '0', 'Strikeouts': '1', 'AVG': '.209', 'OBP': '.307', 'SLG': '.332', 'Hits+Runs+RBIS': '0', 'Stolen Bases': '0', 'Doubles': '0', 'Triples': '0', 'id': '40634', 'Sac Hits': '0', 'Sac Flies': '0', 'Hit by Pitch': '0', 'Bases on Defensive Interference': '0', 'Total Bases': '0', 'Singles': '0'}, {'name': 'K. Carpenter', 'Team': 'Detroit Tigers', 'AB': '3', 'Runs': '0', 'Hits': '1', 'RBIs': '2', 'Home Runs': '0', 'Walks': '1', 'Strikeouts': '2', 'AVG': '.258', 'OBP': '.322', 'SLG': '.464', 'Hits+Runs+RBIS': '3', 'Stolen Bases': '0', 'Doubles': '0', 'Triples': '0', 'id': '42714', 'Sac Hits': '0', 'Sac Flies': '0', 'Hit by Pitch': '0', 'Bases on Defensive Interference': '0', 'Total Bases': '1', 'Singles': '1'}, {'name': 'Z. Short', 'Team': 'Detroit Tigers', 'AB': '3', 'Runs': '0', 'Hits': '0', 'RBIs': '0', 'Home Runs': '0', 'Walks': '1', 'Strikeouts': '2', 'AVG': '.220', 'OBP': '.293', 'SLG': '.360', 'Hits+Runs+RBIS': '0', 'Stolen Bases': '0', 'Doubles': '0', 'Triples': '0', 'id': '36953', 'Sac Hits': '0', 'Sac Flies': '0', 'Hit by Pitch': '0', 'Bases on Defensive Interference': '0', 'Total Bases': '0', 'Singles': '0'}], 'awayPitchers': [{'name': 'T. Skubal', 'Team': 'Detroit Tigers', 'Pitching Outs': 14, 'Hits Allowed': '6', 'Total Runs Allowed': '4', 'Runs Allowed': '4', 'Walks Allowed': '0', 'Strikeouts': '4', 'HR': '0', 'PC-ST': '78-55', 'ERA': '4.57', 'Stolen Bases': '0', 'Doubles': '0', 'Triples': '0', 'Home Runs': '0', 'id': '42409', 'Sac Hits': '0', 'Sac Flies': '0', 'Hit by Pitch': '0', 'Bases on Defensive Interference': '0'}, {'name': 'B. White', 'Team': 'Detroit Tigers', 'Pitching Outs': 4, 'Hits Allowed': '2', 'Total Runs Allowed': '1', 'Runs Allowed': '0', 'Walks Allowed': '0', 'Strikeouts': '0', 'HR': '0', 'PC-ST': '23-14', 'ERA': '5.18', 'Stolen Bases': '0', 'Doubles': '0', 'Triples': '0', 'Home Runs': '0', 'id': '4298477', 'Sac Hits': '0', 'Sac Flies': '0', 'Hit by Pitch': '0', 'Bases on Defensive Interference': '0'}, {'name': 'T. Holton', 'Team': 'Detroit Tigers', 'Pitching Outs': 3, 'Hits Allowed': '3', 'Total Runs Allowed': '2', 'Runs Allowed': '2', 'Walks Allowed': '0', 'Strikeouts': '1', 'HR': '1', 'PC-ST': '21-15', 'ERA': '1.99', 'Extra': 'L, 0-2, B, 1', 'Stolen Bases': '0', 'Doubles': '0', 'Triples': '0', 'Home Runs': '0', 'id': '3983833', 'Sac Hits': '0', 'Sac Flies': '0', 'Hit by Pitch': '0', 'Bases on Defensive Interference': '0'}, {'name': 'J. Cisnero', 'Team': 'Detroit Tigers', 'Pitching Outs': 3, 'Hits Allowed': '2', 'Total Runs Allowed': '1', 'Runs Allowed': '1', 'Walks Allowed': '1', 'Strikeouts': '1', 'HR': '1', 'PC-ST': '26-16', 'ERA': '3.98', 'Stolen Bases': '0', 'Doubles': '0', 'Triples': '0', 'Home Runs': '0', 'id': '31673', 'Sac Hits': '0', 'Sac Flies': '0', 'Hit by Pitch': '0', 'Bases on Defensive Interference': '0'}], 'players': [{'name': 'M. Vierling', 'Team': 'Detroit Tigers', 'AB': '4', 'Runs': '1', 'Hits': '2', 'RBIs': '0', 'Home Runs': '0', 'Walks': '1', 'Strikeouts': '0', 'AVG': '.269', 'OBP': '.331', 'SLG': '.390', 'Hits+Runs+RBIS': '3', 'Stolen Bases': '0', 'Doubles': '0', 'Triples': '0', 'id': '41636', 'Sac Hits': '0', 'Sac Flies': '0', 'Hit by Pitch': '0', 'Bases on Defensive Interference': '0', 'Total Bases': '2', 'Singles': '2'}, {'name': 'A. Ibanez', 'Team': 'Detroit Tigers', 'AB': '3', 'Runs': '0', 'Hits': '2', 'RBIs': '0', 'Home Runs': '0', 'Walks': '0', 'Strikeouts': '0', 'AVG': '.241', 'OBP': '.276', 'SLG': '.414', 'Hits+Runs+RBIS': '2', 'Stolen Bases': '0', 'Doubles': '1', 'Triples': '0', 'id': '34947', 'Sac Hits': '0', 'Sac Flies': '0', 'Hit by Pitch': '0', 'Bases on Defensive Interference': '0', 'Total Bases': '3', 'Singles': '1'}, {'name': 'Z. McKinstry', 'Team': 'Detroit Tigers', 'AB': '2', 'Runs': '0', 'Hits': '0', 'RBIs': '0', 'Home Runs': '0', 'Walks': '0', 'Strikeouts': '0', 'AVG': '.238', 'OBP': '.313', 'SLG': '.363', 'Hits+Runs+RBIS': '0', 'Stolen Bases': '0', 'Doubles': '0', 'Triples': '0', 'id': '38420', 'Sac Hits': '0', 'Sac Flies': '0', 'Hit by Pitch': '0', 'Bases on Defensive Interference': '0', 'Total Bases': '0', 'Singles': '0'}, {'name': 'S. Torkelson', 'Team': 'Detroit Tigers', 'AB': '5', 'Runs': '1', 'Hits': '0', 'RBIs': '0', 'Home Runs': '0', 'Walks': '0', 'Strikeouts': '1', 'AVG': '.227', 'OBP': '.304', 'SLG': '.403', 'Hits+Runs+RBIS': '1', 'Stolen Bases': '0', 'Doubles': '0', 'Triples': '0', 'id': '4424286', 'Sac Hits': '0', 'Sac Flies': '0', 'Hit by Pitch': '0', 'Bases on Defensive Interference': '0', 'Total Bases': '0', 'Singles': '0'}, {'name': 'R. Greene', 'Team': 'Detroit Tigers', 'AB': '4', 'Runs': '1', 'Hits': '1', 'RBIs': '0', 'Home Runs': '0', 'Walks': '1', 'Strikeouts': '1', 'AVG': '.307', 'OBP': '.372', 'SLG': '.467', 'Hits+Runs+RBIS': '2', 'Stolen Bases': '0', 'Doubles': '1', 'Triples': '0', 'id': '42179', 'Sac Hits': '0', 'Sac Flies': '0', 'Hit by Pitch': '0', 'Bases on Defensive Interference': '0', 'Total Bases': '2', 'Singles': '0'}, {'name': 'J. Baez', 'Team': 'Detroit Tigers', 'AB': '5', 'Runs': '2', 'Hits': '2', 'RBIs': '1', 'Home Runs': '0', 'Walks': '0', 'Strikeouts': '0', 'AVG': '.225', 'OBP': '.264', 'SLG': '.330', 'Hits+Runs+RBIS': '5', 'Stolen Bases': '0', 'Doubles': '0', 'Triples': '0', 'id': '32127', 'Sac Hits': '0', 'Sac Flies': '0', 'Hit by Pitch': '0', 'Bases on Defensive Interference': '0', 'Total Bases': '2', 'Singles': '2'}, {'name': 'J. Rogers', 'Team': 'Detroit Tigers', 'AB': '5', 'Runs': '1', 'Hits': '1', 'RBIs': '0', 'Home Runs': '0', 'Walks': '0', 'Strikeouts': '1', 'AVG': '.215', 'OBP': '.298', 'SLG': '.440', 'Hits+Runs+RBIS': '2', 'Stolen Bases': '0', 'Doubles': '1', 'Triples': '0', 'id': '39900', 'Sac Hits': '0', 'Sac Flies': '0', 'Hit by Pitch': '0', 'Bases on Defensive Interference': '0', 'Total Bases': '2', 'Singles': '0'}, {'name': 'M. Cabrera', 'Team': 'Detroit Tigers', 'AB': '3', 'Runs': '0', 'Hits': '1', 'RBIs': '2', 'Home Runs': '0', 'Walks': '1', 'Strikeouts': '0', 'AVG': '.251', 'OBP': '.333', 'SLG': '.328', 'Hits+Runs+RBIS': '3', 'Stolen Bases': '0', 'Doubles': '1', 'Triples': '0', 'id': '5544', 'Sac Hits': '0', 'Sac Flies': '0', 'Hit by Pitch': '0', 'Bases on Defensive Interference': '0', 'Total Bases': '2', 'Singles': '0'}, {'name': 'A. Baddoo', 'Team': 'Detroit Tigers', 'AB': '1', 'Runs': '0', 'Hits': '0', 'RBIs': '0', 'Home Runs': '0', 'Walks': '0', 'Strikeouts': '1', 'AVG': '.209', 'OBP': '.307', 'SLG': '.332', 'Hits+Runs+RBIS': '0', 'Stolen Bases': '0', 'Doubles': '0', 'Triples': '0', 'id': '40634', 'Sac Hits': '0', 'Sac Flies': '0', 'Hit by Pitch': '0', 'Bases on Defensive Interference': '0', 'Total Bases': '0', 'Singles': '0'}, {'name': 'K. Carpenter', 'Team': 'Detroit Tigers', 'AB': '3', 'Runs': '0', 'Hits': '1', 'RBIs': '2', 'Home Runs': '0', 'Walks': '1', 'Strikeouts': '2', 'AVG': '.258', 'OBP': '.322', 'SLG': '.464', 'Hits+Runs+RBIS': '3', 'Stolen Bases': '0', 'Doubles': '0', 'Triples': '0', 'id': '42714', 'Sac Hits': '0', 'Sac Flies': '0', 'Hit by Pitch': '0', 'Bases on Defensive Interference': '0', 'Total Bases': '1', 'Singles': '1'}, {'name': 'Z. Short', 'Team': 'Detroit Tigers', 'AB': '3', 'Runs': '0', 'Hits': '0', 'RBIs': '0', 'Home Runs': '0', 'Walks': '1', 'Strikeouts': '2', 'AVG': '.220', 'OBP': '.293', 'SLG': '.360', 'Hits+Runs+RBIS': '0', 'Stolen Bases': '0', 'Doubles': '0', 'Triples': '0', 'id': '36953', 'Sac Hits': '0', 'Sac Flies': '0', 'Hit by Pitch': '0', 'Bases on Defensive Interference': '0', 'Total Bases': '0', 'Singles': '0'}, {'name': 'T. Skubal', 'Team': 'Detroit Tigers', 'Pitching Outs': 14, 'Hits Allowed': '6', 'Total Runs Allowed': '4', 'Runs Allowed': '4', 'Walks Allowed': '0', 'Strikeouts': '4', 'HR': '0', 'PC-ST': '78-55', 'ERA': '4.57', 'Stolen Bases': '0', 'Doubles': '0', 'Triples': '0', 'Home Runs': '0', 'id': '42409', 'Sac Hits': '0', 'Sac Flies': '0', 'Hit by Pitch': '0', 'Bases on Defensive Interference': '0'}, {'name': 'B. White', 'Team': 'Detroit Tigers', 'Pitching Outs': 4, 'Hits Allowed': '2', 'Total Runs Allowed': '1', 'Runs Allowed': '0', 'Walks Allowed': '0', 'Strikeouts': '0', 'HR': '0', 'PC-ST': '23-14', 'ERA': '5.18', 'Stolen Bases': '0', 'Doubles': '0', 'Triples': '0', 'Home Runs': '0', 'id': '4298477', 'Sac Hits': '0', 'Sac Flies': '0', 'Hit by Pitch': '0', 'Bases on Defensive Interference': '0'}, {'name': 'T. Holton', 'Team': 'Detroit Tigers', 'Pitching Outs': 3, 'Hits Allowed': '3', 'Total Runs Allowed': '2', 'Runs Allowed': '2', 'Walks Allowed': '0', 'Strikeouts': '1', 'HR': '1', 'PC-ST': '21-15', 'ERA': '1.99', 'Extra': 'L, 0-2, B, 1', 'Stolen Bases': '0', 'Doubles': '0', 'Triples': '0', 'Home Runs': '0', 'id': '3983833', 'Sac Hits': '0', 'Sac Flies': '0', 'Hit by Pitch': '0', 'Bases on Defensive Interference': '0'}, {'name': 'J. Cisnero', 'Team': 'Detroit Tigers', 'Pitching Outs': 3, 'Hits Allowed': '2', 'Total Runs Allowed': '1', 'Runs Allowed': '1', 'Walks Allowed': '1', 'Strikeouts': '1', 'HR': '1', 'PC-ST': '26-16', 'ERA': '3.98', 'Stolen Bases': '0', 'Doubles': '0', 'Triples': '0', 'Home Runs': '0', 'id': '31673', 'Sac Hits': '0', 'Sac Flies': '0', 'Hit by Pitch': '0', 'Bases on Defensive Interference': '0'}]}","{'Away': ['0', '0', '4', '0', '0', '0', '2', '0', '0', '6', 10, 2], 'Home': ['0', '0', '0', '0', '4', '1', '2', '1', '-', '8', 13, 2], 'Labels': [1, 2, 3, 4, 5, 6, 7, 8, 9, 'Runs', 'Home Runs', 'Errors']}",False,mlb,20230730
Washington Nationals@New York Mets,"{'homeShort': 'NYM', 'homeTeam': 'New York Mets', 'homeHitters': [{'name': 'B. Nimmo', 'Team': 'New York Mets', 'AB': '4', 'Runs': '1', 'Hits': '1', 'RBIs': '0', 'Home Runs': '0', 'Walks': '1', 'Strikeouts': '1', 'AVG': '.256', 'OBP': '.353', 'SLG': '.431', 'Hits+Runs+RBIS': '2', 'Stolen Bases': '0', 'Doubles': '0', 'Triples': '0', 'id': '32159', 'Sac Hits': '0', 'Sac Flies': '0', 'Hit by Pitch': '0', 'Bases on Defensive Interference': '0', 'Total Bases': '1', 'Singles': '1'}, {'name': 'F. Lindor', 'Team': 'New York Mets', 'AB': '4', 'Runs': '2', 'Hits': '3', 'RBIs': '1', 'Home Runs': '1', 'Walks': '1', 'Strikeouts': '0', 'AVG': '.236', 'OBP': '.323', 'SLG': '.464', 'Hits+Runs+RBIS': '6', 'Stolen Bases': '0', 'Doubles': '1', 'Triples': '0', 'id': '32129', 'Sac Hits': '0', 'Sac Flies': '0', 'Hit by Pitch': '0', 'Bases on Defensive Interference': '0', 'Total Bases': '7', 'Singles': '1'}, {'name': 'J. McNeil', 'Team': 'New York Mets', 'AB': '4', 'Runs': '1', 'Hits': '1', 'RBIs': '1', 'Home Runs': '0', 'Walks': '1', 'Strikeouts': '0', 'AVG': '.252', 'OBP': '.329', 'SLG': '.329', 'Hits+Runs+RBIS': '3', 'Stolen Bases': '0', 'Doubles': '0', 'Triples': '1', 'id': '33900', 'Sac Hits': '0', 'Sac Flies': '0', 'Hit by Pitch': '0', 'Bases on Defensive Interference': '0', 'Total Bases': '3', 'Singles': '0'}, {'name': 'P. Alonso', 'Team': 'New York Mets', 'AB': '3', 'Runs': '0', 'Hits': '1', 'RBIs': '2', 'Home Runs': '0', 'Walks': '1', 'Strikeouts': '1', 'AVG': '.218', 'OBP': '.314', 'SLG': '.506', 'Hits+Runs+RBIS': '3', 'Stolen Bases': '0', 'Doubles': '0', 'Triples': '0', 'id': '37498', 'Sac Hits': '0', 'Sac Flies': '1', 'Hit by Pitch': '0', 'Bases on Defensive Interference': '0', 'Total Bases': '1', 'Singles': '1'}, {'name': 'D. Vogelbach', 'Team': 'New York Mets', 'AB': '5', 'Runs': '1', 'Hits': '1', 'RBIs': '0', 'Home Runs': '0', 'Walks': '0', 'Strikeouts': '1', 'AVG': '.226', 'OBP': '.329', 'SLG': '.369', 'Hits+Runs+RBIS': '2', 'Stolen Bases': '0', 'Doubles': '0', 'Triples': '0', 'id': '32851', 'Sac Hits': '0', 'Sac Flies': '0', 'Hit by Pitch': '0', 'Bases on Defensive Interference': '0', 'Total Bases': '1', 'Singles': '1'}, {'name': 'M. Canha', 'Team': 'New York Mets', 'AB': '3', 'Runs': '0', 'Hits': '1', 'RBIs': '0', 'Home Runs': '0', 'Walks': '1', 'Strikeouts': '1', 'AVG': '.245', 'OBP': '.343', 'SLG': '.381', 'Hits+Runs+RBIS': '1', 'Stolen Bases': '0', 'Doubles': '0', 'Triples': '0', 'id': '31670', 'Sac Hits': '0', 'Sac Flies': '0', 'Hit by Pitch': '0', 'Bases on Defensive Interference': '0', 'Total Bases': '1', 'Singles': '1'}, {'name': 'B. Baty', 'Team': 'New York Mets', 'AB': '3', 'Runs': '0', 'Hits': '1', 'RBIs': '0', 'Home Runs': '0', 'Walks': '1', 'Strikeouts': '0', 'AVG': '.231', 'OBP': '.295', 'SLG': '.354', 'Hits+Runs+RBIS': '1', 'Stolen Bases': '0', 'Doubles': '0', 'Triples': '0', 'id': '42414', 'Sac Hits': '0', 'Sac Flies': '0', 'Hit by Pitch': '0', 'Bases on Defensive Interference': '0', 'Total Bases': '1', 'Singles': '1'}, {'name': 'O. Narvaez', 'Team': 'New York Mets', 'AB': '3', 'Runs': '0', 'Hits': '0', 'RBIs': '1', 'Home Runs': '0', 'Walks': '0', 'Strikeouts': '2', 'AVG': '.200', 'OBP': '.295', 'SLG': '.260', 'Hits+Runs+RBIS': '1', 'Stolen Bases': '0', 'Doubles': '0', 'Triples': '0', 'id': '34254', 'Sac Hits': '0', 'Sac Flies': '1', 'Hit by Pitch': '0', 'Bases on Defensive Interference': '0', 'Total Bases': '0', 'Singles': '0'}, {'name': 'D. Mendick', 'Team': 'New York Mets', 'AB': '3', 'Runs': '0', 'Hits': '2', 'RBIs': '0', 'Home Runs': '0', 'Walks': '0', 'Strikeouts': '0', 'AVG': '.176', 'OBP': '.222', 'SLG': '.294', 'Hits+Runs+RBIS': '2', 'Stolen Bases': '0', 'Doubles': '1', 'Triples': '0', 'id': '40393', 'Sac Hits': '0', 'Sac Flies': '0', 'Hit by Pitch': '0', 'Bases on Defensive Interference': '0', 'Total Bases': '3', 'Singles': '1'}, {'name': 'T. Pham', 'Team': 'New York Mets', 'AB': '1', 'Runs': '0', 'Hits': '0', 'RBIs': '0', 'Home Runs': '0', 'Walks': '0', 'Strikeouts': '1', 'AVG': '.268', 'OBP': '.348', 'SLG': '.472', 'Hits+Runs+RBIS': '0', 'Stolen Bases': '0', 'Doubles': '0', 'Triples': '0', 'id': '31208', 'Sac Hits': '0', 'Sac Flies': '0', 'Hit by Pitch': '0', 'Bases on Defensive Interference': '0', 'Total Bases': '0', 'Singles': '0'}], 'homePitchers': [{'name': 'J. Verlander', 'Team': 'New York Mets', 'Pitching Outs': 15, 'Hits Allowed': '5', 'Total Runs Allowed': '1', 'Runs Allowed': '1', 'Walks Allowed': '1', 'Strikeouts': '5', 'HR': '0', 'PC-ST': '103-74', 'ERA': '3.15', 'Extra': 'W, 6-5', 'Stolen Bases': '0', 'Doubles': '0', 'Triples': '0', 'Home Runs': '0', 'id': '6341', 'Sac Hits': '0', 'Sac Flies': '0', 'Hit by Pitch': '0', 'Bases on Defensive Interference': '0'}, {'name': 'D. Peterson', 'Team': 'New York Mets', 'Pitching Outs': 6, 'Hits Allowed': '1', 'Total Runs Allowed': '1', 'Runs Allowed': '0', 'Walks Allowed': '0', 'Strikeouts': '2', 'HR': '0', 'PC-ST': '20-12', 'ERA': '5.92', 'Stolen Bases': '0', 'Doubles': '0', 'Triples': '0', 'Home Runs': '0', 'id': '40921', 'Sac Hits': '0', 'Sac Flies': '0', 'Hit by Pitch': '0', 'Bases on Defensive Interference': '0'}, {'name': 'A. Ottavino', 'Team': 'New York Mets', 'Pitching Outs': 2, 'Hits Allowed': '0', 'Total Runs Allowed': '0', 'Runs Allowed': '0', 'Walks Allowed': '0', 'Strikeouts': '1', 'HR': '0', 'PC-ST': '9-7', 'ERA': '3.35', 'Extra': 'H, 12', 'Stolen Bases': '0', 'Doubles': '0', 'Triples': '0', 'Home Runs': '0', 'id': '29705', 'Sac Hits': '0', 'Sac Flies': '0', 'Hit by Pitch': '0', 'Bases on Defensive Interference': '0'}, {'name': 'B. Raley', 'Team': 'New York Mets', 'Pitching Outs': 3, 'Hits Allowed': '0', 'Total Runs Allowed': '0', 'Runs Allowed': '0', 'Walks Allowed': '1', 'Strikeouts': '3', 'HR': '0', 'PC-ST': '17-11', 'ERA': '2.37', 'Extra': 'S, 3', 'Stolen Bases': '0', 'Doubles': '0', 'Triples': '0', 'Home Runs': '0', 'id': '32005', 'Sac Hits': '0', 'Sac Flies': '0', 'Hit by Pitch': '0', 'Bases on Defensive Interference': '0'}], 'players': [{'name': 'B. Nimmo', 'Team': 'New York Mets', 'AB': '4', 'Runs': '1', 'Hits': '1', 'RBIs': '0', 'Home Runs': '0', 'Walks': '1', 'Strikeouts': '1', 'AVG': '.256', 'OBP': '.353', 'SLG': '.431', 'Hits+Runs+RBIS': '2', 'Stolen Bases': '0', 'Doubles': '0', 'Triples': '0', 'id': '32159', 'Sac Hits': '0', 'Sac Flies': '0', 'Hit by Pitch': '0', 'Bases on Defensive Interference': '0', 'Total Bases': '1', 'Singles': '1'}, {'name': 'F. Lindor', 'Team': 'New York Mets', 'AB': '4', 'Runs': '2', 'Hits': '3', 'RBIs': '1', 'Home Runs': '1', 'Walks': '1', 'Strikeouts': '0', 'AVG': '.236', 'OBP': '.323', 'SLG': '.464', 'Hits+Runs+RBIS': '6', 'Stolen Bases': '0', 'Doubles': '1', 'Triples': '0', 'id': '32129', 'Sac Hits': '0', 'Sac Flies': '0', 'Hit by Pitch': '0', 'Bases on Defensive Interference': '0', 'Total Bases': '7', 'Singles': '1'}, {'name': 'J. McNeil', 'Team': 'New York Mets', 'AB': '4', 'Runs': '1', 'Hits': '1', 'RBIs': '1', 'Home Runs': '0', 'Walks': '1', 'Strikeouts': '0', 'AVG': '.252', 'OBP': '.329', 'SLG': '.329', 'Hits+Runs+RBIS': '3', 'Stolen Bases': '0', 'Doubles': '0', 'Triples': '1', 'id': '33900', 'Sac Hits': '0', 'Sac Flies': '0', 'Hit by Pitch': '0', 'Bases on Defensive Interference': '0', 'Total Bases': '3', 'Singles': '0'}, {'name': 'P. Alonso', 'Team': 'New York Mets', 'AB': '3', 'Runs': '0', 'Hits': '1', 'RBIs': '2', 'Home Runs': '0', 'Walks': '1', 'Strikeouts': '1', 'AVG': '.218', 'OBP': '.314', 'SLG': '.506', 'Hits+Runs+RBIS': '3', 'Stolen Bases': '0', 'Doubles': '0', 'Triples': '0', 'id': '37498', 'Sac Hits': '0', 'Sac Flies': '1', 'Hit by Pitch': '0', 'Bases on Defensive Interference': '0', 'Total Bases': '1', 'Singles': '1'}, {'name': 'D. Vogelbach', 'Team': 'New York Mets', 'AB': '5', 'Runs': '1', 'Hits': '1', 'RBIs': '0', 'Home Runs': '0', 'Walks': '0', 'Strikeouts': '1', 'AVG': '.226', 'OBP': '.329', 'SLG': '.369', 'Hits+Runs+RBIS': '2', 'Stolen Bases': '0', 'Doubles': '0', 'Triples': '0', 'id': '32851', 'Sac Hits': '0', 'Sac Flies': '0', 'Hit by Pitch': '0', 'Bases on Defensive Interference': '0', 'Total Bases': '1', 'Singles': '1'}, {'name': 'M. Canha', 'Team': 'New York Mets', 'AB': '3', 'Runs': '0', 'Hits': '1', 'RBIs': '0', 'Home Runs': '0', 'Walks': '1', 'Strikeouts': '1', 'AVG': '.245', 'OBP': '.343', 'SLG': '.381', 'Hits+Runs+RBIS': '1', 'Stolen Bases': '0', 'Doubles': '0', 'Triples': '0', 'id': '31670', 'Sac Hits': '0', 'Sac Flies': '0', 'Hit by Pitch': '0', 'Bases on Defensive Interference': '0', 'Total Bases': '1', 'Singles': '1'}, {'name': 'B. Baty', 'Team': 'New York Mets', 'AB': '3', 'Runs': '0', 'Hits': '1', 'RBIs': '0', 'Home Runs': '0', 'Walks': '1', 'Strikeouts': '0', 'AVG': '.231', 'OBP': '.295', 'SLG': '.354', 'Hits+Runs+RBIS': '1', 'Stolen Bases': '0', 'Doubles': '0', 'Triples': '0', 'id': '42414', 'Sac Hits': '0', 'Sac Flies': '0', 'Hit by Pitch': '0', 'Bases on Defensive Interference': '0', 'Total Bases': '1', 'Singles': '1'}, {'name': 'O. Narvaez', 'Team': 'New York Mets', 'AB': '3', 'Runs': '0', 'Hits': '0', 'RBIs': '1', 'Home Runs': '0', 'Walks': '0', 'Strikeouts': '2', 'AVG': '.200', 'OBP': '.295', 'SLG': '.260', 'Hits+Runs+RBIS': '1', 'Stolen Bases': '0', 'Doubles': '0', 'Triples': '0', 'id': '34254', 'Sac Hits': '0', 'Sac Flies': '1', 'Hit by Pitch': '0', 'Bases on Defensive Interference': '0', 'Total Bases': '0', 'Singles': '0'}, {'name': 'D. Mendick', 'Team': 'New York Mets', 'AB': '3', 'Runs': '0', 'Hits': '2', 'RBIs': '0', 'Home Runs': '0', 'Walks': '0', 'Strikeouts': '0', 'AVG': '.176', 'OBP': '.222', 'SLG': '.294', 'Hits+Runs+RBIS': '2', 'Stolen Bases': '0', 'Doubles': '1', 'Triples': '0', 'id': '40393', 'Sac Hits': '0', 'Sac Flies': '0', 'Hit by Pitch': '0', 'Bases on Defensive Interference': '0', 'Total Bases': '3', 'Singles': '1'}, {'name': 'T. Pham', 'Team': 'New York Mets', 'AB': '1', 'Runs': '0', 'Hits': '0', 'RBIs': '0', 'Home Runs': '0', 'Walks': '0', 'Strikeouts': '1', 'AVG': '.268', 'OBP': '.348', 'SLG': '.472', 'Hits+Runs+RBIS': '0', 'Stolen Bases': '0', 'Doubles': '0', 'Triples': '0', 'id': '31208', 'Sac Hits': '0', 'Sac Flies': '0', 'Hit by Pitch': '0', 'Bases on Defensive Interference': '0', 'Total Bases': '0', 'Singles': '0'}, {'name': 'J. Verlander', 'Team': 'New York Mets', 'Pitching Outs': 15, 'Hits Allowed': '5', 'Total Runs Allowed': '1', 'Runs Allowed': '1', 'Walks Allowed': '1', 'Strikeouts': '5', 'HR': '0', 'PC-ST': '103-74', 'ERA': '3.15', 'Extra': 'W, 6-5', 'Stolen Bases': '0', 'Doubles': '0', 'Triples': '0', 'Home Runs': '0', 'id': '6341', 'Sac Hits': '0', 'Sac Flies': '0', 'Hit by Pitch': '0', 'Bases on Defensive Interference': '0'}, {'name': 'D. Peterson', 'Team': 'New York Mets', 'Pitching Outs': 6, 'Hits Allowed': '1', 'Total Runs Allowed': '1', 'Runs Allowed': '0', 'Walks Allowed': '0', 'Strikeouts': '2', 'HR': '0', 'PC-ST': '20-12', 'ERA': '5.92', 'Stolen Bases': '0', 'Doubles': '0', 'Triples': '0', 'Home Runs': '0', 'id': '40921', 'Sac Hits': '0', 'Sac Flies': '0', 'Hit by Pitch': '0', 'Bases on Defensive Interference': '0'}, {'name': 'A. Ottavino', 'Team': 'New York Mets', 'Pitching Outs': 2, 'Hits Allowed': '0', 'Total Runs Allowed': '0', 'Runs Allowed': '0', 'Walks Allowed': '0', 'Strikeouts': '1', 'HR': '0', 'PC-ST': '9-7', 'ERA': '3.35', 'Extra': 'H, 12', 'Stolen Bases': '0', 'Doubles': '0', 'Triples': '0', 'Home Runs': '0', 'id': '29705', 'Sac Hits': '0', 'Sac Flies': '0', 'Hit by Pitch': '0', 'Bases on Defensive Interference': '0'}, {'name': 'B. Raley', 'Team': 'New York Mets', 'Pitching Outs': 3, 'Hits Allowed': '0', 'Total Runs Allowed': '0', 'Runs Allowed': '0', 'Walks Allowed': '1', 'Strikeouts': '3', 'HR': '0', 'PC-ST': '17-11', 'ERA': '2.37', 'Extra': 'S, 3', 'Stolen Bases': '0', 'Doubles': '0', 'Triples': '0', 'Home Runs': '0', 'id': '32005', 'Sac Hits': '0', 'Sac Flies': '0', 'Hit by Pitch': '0', 'Bases on Defensive Interference': '0'}]}","{'awayShort': 'WSH', 'awayTeam': 'Washington Nationals', 'awayHitters': [{'name': 'C. Abrams', 'Team': 'Washington Nationals', 'AB': '3', 'Runs': '1', 'Hits': '2', 'RBIs': '0', 'Home Runs': '0', 'Walks': '0', 'Strikeouts': '0', 'AVG': '.256', 'OBP': '.307', 'SLG': '.418', 'Hits+Runs+RBIS': '3', 'Stolen Bases': '3', 'Doubles': '0', 'Triples': '0', 'id': '42402', 'Sac Hits': '0', 'Sac Flies': '0', 'Hit by Pitch': '1', 'Bases on Defensive Interference': '0', 'Total Bases': '2', 'Singles': '2'}, {'name': 'J. Candelario', 'Team': 'Washington Nationals', 'AB': '3', 'Runs': '0', 'Hits': '1', 'RBIs': '0', 'Home Runs': '0', 'Walks': '1', 'Strikeouts': '1', 'AVG': '.258', 'OBP': '.342', 'SLG': '.481', 'Hits+Runs+RBIS': '1', 'Stolen Bases': '1', 'Doubles': '0', 'Triples': '0', 'id': '32531', 'Sac Hits': '0', 'Sac Flies': '0', 'Hit by Pitch': '0', 'Bases on Defensive Interference': '0', 'Total Bases': '1', 'Singles': '1'}, {'name': 'J. Meneses', 'Team': 'Washington Nationals', 'AB': '4', 'Runs': '0', 'Hits': '0', 'RBIs': '0', 'Home Runs': '0', 'Walks': '0', 'Strikeouts': '3', 'AVG': '.278', 'OBP': '.320', 'SLG': '.395', 'Hits+Runs+RBIS': '0', 'Stolen Bases': '0', 'Doubles': '0', 'Triples': '0', 'id': '34534', 'Sac Hits': '0', 'Sac Flies': '0', 'Hit by Pitch': '0', 'Bases on Defensive Interference': '0', 'Total Bases': '0', 'Singles': '0'}, {'name': 'K. Ruiz', 'Team': 'Washington Nationals', 'AB': '4', 'Runs': '0', 'Hits': '1', 'RBIs': '0', 'Home Runs': '0', 'Walks': '0', 'Strikeouts': '0', 'AVG': '.245', 'OBP': '.297', 'SLG': '.388', 'Hits+Runs+RBIS': '1', 'Stolen Bases': '0', 'Doubles': '0', 'Triples': '0', 'id': '38827', 'Sac Hits': '0', 'Sac Flies': '0', 'Hit by Pitch': '0', 'Bases on Defensive Interference': '0', 'Total Bases': '1', 'Singles': '1'}, {'name': 'L. Garcia Jr.', 'Team': 'Washington Nationals', 'AB': '3', 'Runs': '0', 'Hits': '0', 'RBIs': '0', 'Home Runs': '0', 'Walks': '0', 'Strikeouts': '1', 'AVG': '.266', 'OBP': '.300', 'SLG': '.371', 'Hits+Runs+RBIS': '0', 'Stolen Bases': '0', 'Doubles': '0', 'Triples': '0', 'id': '40459', 'Sac Hits': '0', 'Sac Flies': '0', 'Hit by Pitch': '0', 'Bases on Defensive Interference': '0', 'Total Bases': '0', 'Singles': '0'}, {'name': 'L. Thomas', 'Team': 'Washington Nationals', 'AB': '1', 'Runs': '0', 'Hits': '0', 'RBIs': '0', 'Home Runs': '0', 'Walks': '0', 'Strikeouts': '1', 'AVG': '.285', 'OBP': '.333', 'SLG': '.472', 'Hits+Runs+RBIS': '0', 'Stolen Bases': '0', 'Doubles': '0', 'Triples': '0', 'id': '36409', 'Sac Hits': '0', 'Sac Flies': '0', 'Hit by Pitch': '0', 'Bases on Defensive Interference': '0', 'Total Bases': '0', 'Singles': '0'}, {'name': 'D. Smith', 'Team': 'Washington Nationals', 'AB': '4', 'Runs': '0', 'Hits': '1', 'RBIs': '0', 'Home Runs': '0', 'Walks': '0', 'Strikeouts': '2', 'AVG': '.265', 'OBP': '.335', 'SLG': '.347', 'Hits+Runs+RBIS': '1', 'Stolen Bases': '0', 'Doubles': '0', 'Triples': '0', 'id': '33218', 'Sac Hits': '0', 'Sac Flies': '0', 'Hit by Pitch': '0', 'Bases on Defensive Interference': '0', 'Total Bases': '1', 'Singles': '1'}, {'name': 'C. Dickerson', 'Team': 'Washington Nationals', 'AB': '2', 'Runs': '0', 'Hits': '0', 'RBIs': '0', 'Home Runs': '0', 'Walks': '0', 'Strikeouts': '0', 'AVG': '.248', 'OBP': '.278', 'SLG': '.336', 'Hits+Runs+RBIS': '0', 'Stolen Bases': '0', 'Doubles': '0', 'Triples': '0', 'id': '31684', 'Sac Hits': '0', 'Sac Flies': '0', 'Hit by Pitch': '0', 'Bases on Defensive Interference': '0', 'Total Bases': '0', 'Singles': '0'}, {'name': 'S. Garrett', 'Team': 'Washington Nationals', 'AB': '1', 'Runs': '1', 'Hits': '0', 'RBIs': '0', 'Home Runs': '0', 'Walks': '1', 'Strikeouts': '0', 'AVG': '.255', 'OBP': '.330', 'SLG': '.429', 'Hits+Runs+RBIS': '1', 'Stolen Bases': '0', 'Doubles': '0', 'Triples': '0', 'id': '35063', 'Sac Hits': '0', 'Sac Flies': '0', 'Hit by Pitch': '0', 'Bases on Defensive Interference': '0', 'Total Bases': '0', 'Singles': '0'}, {'name': 'I. Vargas', 'Team': 'Washington Nationals', 'AB': '4', 'Runs': '0', 'Hits': '1', 'RBIs': '1', 'Home Runs': '0', 'Walks': '0', 'Strikeouts': '2', 'AVG': '.266', 'OBP': '.304', 'SLG': '.394', 'Hits+Runs+RBIS': '2', 'Stolen Bases': '0', 'Doubles': '0', 'Triples': '0', 'id': '32985', 'Sac Hits': '0', 'Sac Flies': '0', 'Hit by Pitch': '0', 'Bases on Defensive Interference': '0', 'Total Bases': '1', 'Singles': '1'}, {'name': 'A. Call', 'Team': 'Washington Nationals', 'AB': '3', 'Runs': '0', 'Hits': '0', 'RBIs': '0', 'Home Runs': '0', 'Walks': '0', 'Strikeouts': '1', 'AVG': '.210', 'OBP': '.305', 'SLG': '.318', 'Hits+Runs+RBIS': '0', 'Stolen Bases': '0', 'Doubles': '0', 'Triples': '0', 'id': '38994', 'Sac Hits': '0', 'Sac Flies': '0', 'Hit by Pitch': '0', 'Bases on Defensive Interference': '0', 'Total Bases': '0', 'Singles': '0'}], 'awayPitchers': [{'name': 'T. Williams', 'Team': 'Washington Nationals', 'Pitching Outs': 12, 'Hits Allowed': '7', 'Total Runs Allowed': '5', 'Runs Allowed': '5', 'Walks Allowed': '4', 'Strikeouts': '2', 'HR': '1', 'PC-ST': '89-50', 'ERA': '4.72', 'Extra': 'L, 5-6', 'Stolen Bases': '0', 'Doubles': '0', 'Triples': '0', 'Home Runs': '0', 'id': '33305', 'Sac Hits': '0', 'Sac Flies': '0', 'Hit by Pitch': '0', 'Bases on Defensive Interference': '0'}, {'name': 'J. La Sorsa', 'Team': 'Washington Nationals', 'Pitching Outs': 6, 'Hits Allowed': '1', 'Total Runs Allowed': '0', 'Runs Allowed': '0', 'Walks Allowed': '0', 'Strikeouts': '2', 'HR': '0', 'PC-ST': '18-15', 'ERA': '5.79', 'Stolen Bases': '0', 'Doubles': '0', 'Triples': '0', 'Home Runs': '0', 'id': '4208304', 'Sac Hits': '0', 'Sac Flies': '0', 'Hit by Pitch': '0', 'Bases on Defensive Interference': '0'}, {'name': 'A. Willingham', 'Team': 'Washington Nationals', 'Pitching Outs': 3, 'Hits Allowed': '1', 'Total Runs Allowed': '0', 'Runs Allowed': '0', 'Walks Allowed': '1', 'Strikeouts': '2', 'HR': '0', 'PC-ST': '25-13', 'ERA': '9.90', 'Stolen Bases': '0', 'Doubles': '0', 'Triples': '0', 'Home Runs': '0', 'id': '4420170', 'Sac Hits': '0', 'Sac Flies': '0', 'Hit by Pitch': '0', 'Bases on Defensive Interference': '0'}, {'name': 'C. Abbott', 'Team': 'Washington Nationals', 'Pitching Outs': 3, 'Hits Allowed': '2', 'Total Runs Allowed': '0', 'Runs Allowed': '0', 'Walks Allowed': '1', 'Strikeouts': '1', 'HR': '0', 'PC-ST': '19-12', 'ERA': '5.40', 'Stolen Bases': '0', 'Doubles': '0', 'Triples': '0', 'Home Runs': '0', 'id': '41328', 'Sac Hits': '0', 'Sac Flies': '0', 'Hit by Pitch': '0', 'Bases on Defensive Interference': '0'}], 'players': [{'name': 'C. Abrams', 'Team': 'Washington Nationals', 'AB': '3', 'Runs': '1', 'Hits': '2', 'RBIs': '0', 'Home Runs': '0', 'Walks': '0', 'Strikeouts': '0', 'AVG': '.256', 'OBP': '.307', 'SLG': '.418', 'Hits+Runs+RBIS': '3', 'Stolen Bases': '3', 'Doubles': '0', 'Triples': '0', 'id': '42402', 'Sac Hits': '0', 'Sac Flies': '0', 'Hit by Pitch': '1', 'Bases on Defensive Interference': '0', 'Total Bases': '2', 'Singles': '2'}, {'name': 'J. Candelario', 'Team': 'Washington Nationals', 'AB': '3', 'Runs': '0', 'Hits': '1', 'RBIs': '0', 'Home Runs': '0', 'Walks': '1', 'Strikeouts': '1', 'AVG': '.258', 'OBP': '.342', 'SLG': '.481', 'Hits+Runs+RBIS': '1', 'Stolen Bases': '1', 'Doubles': '0', 'Triples': '0', 'id': '32531', 'Sac Hits': '0', 'Sac Flies': '0', 'Hit by Pitch': '0', 'Bases on Defensive Interference': '0', 'Total Bases': '1', 'Singles': '1'}, {'name': 'J. Meneses', 'Team': 'Washington Nationals', 'AB': '4', 'Runs': '0', 'Hits': '0', 'RBIs': '0', 'Home Runs': '0', 'Walks': '0', 'Strikeouts': '3', 'AVG': '.278', 'OBP': '.320', 'SLG': '.395', 'Hits+Runs+RBIS': '0', 'Stolen Bases': '0', 'Doubles': '0', 'Triples': '0', 'id': '34534', 'Sac Hits': '0', 'Sac Flies': '0', 'Hit by Pitch': '0', 'Bases on Defensive Interference': '0', 'Total Bases': '0', 'Singles': '0'}, {'name': 'K. Ruiz', 'Team': 'Washington Nationals', 'AB': '4', 'Runs': '0', 'Hits': '1', 'RBIs': '0', 'Home Runs': '0', 'Walks': '0', 'Strikeouts': '0', 'AVG': '.245', 'OBP': '.297', 'SLG': '.388', 'Hits+Runs+RBIS': '1', 'Stolen Bases': '0', 'Doubles': '0', 'Triples': '0', 'id': '38827', 'Sac Hits': '0', 'Sac Flies': '0', 'Hit by Pitch': '0', 'Bases on Defensive Interference': '0', 'Total Bases': '1', 'Singles': '1'}, {'name': 'L. Garcia Jr.', 'Team': 'Washington Nationals', 'AB': '3', 'Runs': '0', 'Hits': '0', 'RBIs': '0', 'Home Runs': '0', 'Walks': '0', 'Strikeouts': '1', 'AVG': '.266', 'OBP': '.300', 'SLG': '.371', 'Hits+Runs+RBIS': '0', 'Stolen Bases': '0', 'Doubles': '0', 'Triples': '0', 'id': '40459', 'Sac Hits': '0', 'Sac Flies': '0', 'Hit by Pitch': '0', 'Bases on Defensive Interference': '0', 'Total Bases': '0', 'Singles': '0'}, {'name': 'L. Thomas', 'Team': 'Washington Nationals', 'AB': '1', 'Runs': '0', 'Hits': '0', 'RBIs': '0', 'Home Runs': '0', 'Walks': '0', 'Strikeouts': '1', 'AVG': '.285', 'OBP': '.333', 'SLG': '.472', 'Hits+Runs+RBIS': '0', 'Stolen Bases': '0', 'Doubles': '0', 'Triples': '0', 'id': '36409', 'Sac Hits': '0', 'Sac Flies': '0', 'Hit by Pitch': '0', 'Bases on Defensive Interference': '0', 'Total Bases': '0', 'Singles': '0'}, {'name': 'D. Smith', 'Team': 'Washington Nationals', 'AB': '4', 'Runs': '0', 'Hits': '1', 'RBIs': '0', 'Home Runs': '0', 'Walks': '0', 'Strikeouts': '2', 'AVG': '.265', 'OBP': '.335', 'SLG': '.347', 'Hits+Runs+RBIS': '1', 'Stolen Bases': '0', 'Doubles': '0', 'Triples': '0', 'id': '33218', 'Sac Hits': '0', 'Sac Flies': '0', 'Hit by Pitch': '0', 'Bases on Defensive Interference': '0', 'Total Bases': '1', 'Singles': '1'}, {'name': 'C. Dickerson', 'Team': 'Washington Nationals', 'AB': '2', 'Runs': '0', 'Hits': '0', 'RBIs': '0', 'Home Runs': '0', 'Walks': '0', 'Strikeouts': '0', 'AVG': '.248', 'OBP': '.278', 'SLG': '.336', 'Hits+Runs+RBIS': '0', 'Stolen Bases': '0', 'Doubles': '0', 'Triples': '0', 'id': '31684', 'Sac Hits': '0', 'Sac Flies': '0', 'Hit by Pitch': '0', 'Bases on Defensive Interference': '0', 'Total Bases': '0', 'Singles': '0'}, {'name': 'S. Garrett', 'Team': 'Washington Nationals', 'AB': '1', 'Runs': '1', 'Hits': '0', 'RBIs': '0', 'Home Runs': '0', 'Walks': '1', 'Strikeouts': '0', 'AVG': '.255', 'OBP': '.330', 'SLG': '.429', 'Hits+Runs+RBIS': '1', 'Stolen Bases': '0', 'Doubles': '0', 'Triples': '0', 'id': '35063', 'Sac Hits': '0', 'Sac Flies': '0', 'Hit by Pitch': '0', 'Bases on Defensive Interference': '0', 'Total Bases': '0', 'Singles': '0'}, {'name': 'I. Vargas', 'Team': 'Washington Nationals', 'AB': '4', 'Runs': '0', 'Hits': '1', 'RBIs': '1', 'Home Runs': '0', 'Walks': '0', 'Strikeouts': '2', 'AVG': '.266', 'OBP': '.304', 'SLG': '.394', 'Hits+Runs+RBIS': '2', 'Stolen Bases': '0', 'Doubles': '0', 'Triples': '0', 'id': '32985', 'Sac Hits': '0', 'Sac Flies': '0', 'Hit by Pitch': '0', 'Bases on Defensive Interference': '0', 'Total Bases': '1', 'Singles': '1'}, {'name': 'A. Call', 'Team': 'Washington Nationals', 'AB': '3', 'Runs': '0', 'Hits': '0', 'RBIs': '0', 'Home Runs': '0', 'Walks': '0', 'Strikeouts': '1', 'AVG': '.210', 'OBP': '.305', 'SLG': '.318', 'Hits+Runs+RBIS': '0', 'Stolen Bases': '0', 'Doubles': '0', 'Triples': '0', 'id': '38994', 'Sac Hits': '0', 'Sac Flies': '0', 'Hit by Pitch': '0', 'Bases on Defensive Interference': '0', 'Total Bases': '0', 'Singles': '0'}, {'name': 'T. Williams', 'Team': 'Washington Nationals', 'Pitching Outs': 12, 'Hits Allowed': '7', 'Total Runs Allowed': '5', 'Runs Allowed': '5', 'Walks Allowed': '4', 'Strikeouts': '2', 'HR': '1', 'PC-ST': '89-50', 'ERA': '4.72', 'Extra': 'L, 5-6', 'Stolen Bases': '0', 'Doubles': '0', 'Triples': '0', 'Home Runs': '0', 'id': '33305', 'Sac Hits': '0', 'Sac Flies': '0', 'Hit by Pitch': '0', 'Bases on Defensive Interference': '0'}, {'name': 'J. La Sorsa', 'Team': 'Washington Nationals', 'Pitching Outs': 6, 'Hits Allowed': '1', 'Total Runs Allowed': '0', 'Runs Allowed': '0', 'Walks Allowed': '0', 'Strikeouts': '2', 'HR': '0', 'PC-ST': '18-15', 'ERA': '5.79', 'Stolen Bases': '0', 'Doubles': '0', 'Triples': '0', 'Home Runs': '0', 'id': '4208304', 'Sac Hits': '0', 'Sac Flies': '0', 'Hit by Pitch': '0', 'Bases on Defensive Interference': '0'}, {'name': 'A. Willingham', 'Team': 'Washington Nationals', 'Pitching Outs': 3, 'Hits Allowed': '1', 'Total Runs Allowed': '0', 'Runs Allowed': '0', 'Walks Allowed': '1', 'Strikeouts': '2', 'HR': '0', 'PC-ST': '25-13', 'ERA': '9.90', 'Stolen Bases': '0', 'Doubles': '0', 'Triples': '0', 'Home Runs': '0', 'id': '4420170', 'Sac Hits': '0', 'Sac Flies': '0', 'Hit by Pitch': '0', 'Bases on Defensive Interference': '0'}, {'name': 'C. Abbott', 'Team': 'Washington Nationals', 'Pitching Outs': 3, 'Hits Allowed': '2', 'Total Runs Allowed': '0', 'Runs Allowed': '0', 'Walks Allowed': '1', 'Strikeouts': '1', 'HR': '0', 'PC-ST': '19-12', 'ERA': '5.40', 'Stolen Bases': '0', 'Doubles': '0', 'Triples': '0', 'Home Runs': '0', 'id': '41328', 'Sac Hits': '0', 'Sac Flies': '0', 'Hit by Pitch': '0', 'Bases on Defensive Interference': '0'}]}","{'Away': ['1', '0', '0', '0', '0', '0', '1', '0', '0', '2', 6, 0], 'Home': ['1', '0', '3', '1', '0', '0', '0', '0', '-', '5', 11, 1], 'Labels': [1, 2, 3, 4, 5, 6, 7, 8, 9, 'Runs', 'Home Runs', 'Errors']}",False,mlb,20230730
Cleveland Guardians@Chicago White Sox,"{'homeShort': 'CHW', 'homeTeam': 'Chicago White Sox', 'homeHitters': [{'name': 'Tim Anderson', 'Team': 'Chicago White Sox', 'AB': '4', 'Runs': '0', 'Hits': '1', 'RBIs': '0', 'Home Runs': '0', 'Walks': '0', 'Strikeouts': '1', 'AVG': '.245', 'OBP': '.286', 'SLG': '.293', 'Hits+Runs+RBIS': '1', 'Stolen Bases': '0', 'Doubles': '0', 'Triples': '0', 'id': '33184', 'Sac Hits': '0', 'Sac Flies': '0', 'Hit by Pitch': '0', 'Bases on Defensive Interference': '0', 'Total Bases': '1', 'Singles': '1'}, {'name': 'Y. Moncada', 'Team': 'Chicago White Sox', 'AB': '4', 'Runs': '0', 'Hits': '1', 'RBIs': '0', 'Home Runs': '0', 'Walks': '0', 'Strikeouts': '0', 'AVG': '.229', 'OBP': '.274', 'SLG': '.350', 'Hits+Runs+RBIS': '1', 'Stolen Bases': '0', 'Doubles': '0', 'Triples': '0', 'id': '33984', 'Sac Hits': '0', 'Sac Flies': '0', 'Hit by Pitch': '0', 'Bases on Defensive Interference': '0', 'Total Bases': '1', 'Singles': '1'}, {'name': 'L. Robert Jr.', 'Team': 'Chicago White Sox', 'AB': '4', 'Runs': '0', 'Hits': '1', 'RBIs': '0', 'Home Runs': '0', 'Walks': '0', 'Strikeouts': '0', 'AVG': '.269', 'OBP': '.323', 'SLG': '.559', 'Hits+Runs+RBIS': '1', 'Stolen Bases': '0', 'Doubles': '1', 'Triples': '0', 'id': '39631', 'Sac Hits': '0', 'Sac Flies': '0', 'Hit by Pitch': '0', 'Bases on Defensive Interference': '0', 'Total Bases': '2', 'Singles': '0'}, {'name': 'A. Vaughn', 'Team': 'Chicago White Sox', 'AB': '4', 'Runs': '0', 'Hits': '1', 'RBIs': '0', 'Home Runs': '0', 'Walks': '0', 'Strikeouts': '1', 'AVG': '.247', 'OBP': '.318', 'SLG': '.427', 'Hits+Runs+RBIS': '1', 'Stolen Bases': '0', 'Doubles': '0', 'Triples': '0', 'id': '42394', 'Sac Hits': '0', 'Sac Flies': '0', 'Hit by Pitch': '0', 'Bases on Defensive Interference': '0', 'Total Bases': '1', 'Singles': '1'}, {'name': 'A. Benintendi', 'Team': 'Chicago White Sox', 'AB': '4', 'Runs': '0', 'Hits': '0', 'RBIs': '0', 'Home Runs': '0', 'Walks': '0', 'Strikeouts': '0', 'AVG': '.281', 'OBP': '.347', 'SLG': '.366', 'Hits+Runs+RBIS': '0', 'Stolen Bases': '0', 'Doubles': '0', 'Triples': '0', 'id': '34986', 'Sac Hits': '0', 'Sac Flies': '0', 'Hit by Pitch': '0', 'Bases on Defensive Interference': '0', 'Total Bases': '0', 'Singles': '0'}, {'name': 'J. Burger', 'Team': 'Chicago White Sox', 'AB': '3', 'Runs': '0', 'Hits': '0', 'RBIs': '0', 'Home Runs': '0', 'Walks': '1', 'Strikeouts': '2', 'AVG': '.214', 'OBP': '.279', 'SLG': '.527', 'Hits+Runs+RBIS': '0', 'Stolen Bases': '0', 'Doubles': '0', 'Triples': '0', 'id': '39882', 'Sac Hits': '0', 'Sac Flies': '0', 'Hit by Pitch': '0', 'Bases on Defensive Interference': '0', 'Total Bases': '0', 'Singles': '0'}, {'name': 'O. Colas', 'Team': 'Chicago White Sox', 'AB': '2', 'Runs': '0', 'Hits': '0', 'RBIs': '0', 'Home Runs': '0', 'Walks': '1', 'Strikeouts': '0', 'AVG': '.216', 'OBP': '.255', 'SLG': '.266', 'Hits+Runs+RBIS': '0', 'Stolen Bases': '0', 'Doubles': '0', 'Triples': '0', 'id': '4987420', 'Sac Hits': '0', 'Sac Flies': '0', 'Hit by Pitch': '0', 'Bases on Defensive Interference': '0', 'Total Bases': '0', 'Singles': '0'}, {'name': 'E. Andrus', 'Team': 'Chicago White Sox', 'AB': '3', 'Runs': '0', 'Hits': '0', 'RBIs': '0', 'Home Runs': '0', 'Walks': '0', 'Strikeouts': '1', 'AVG': '.208', 'OBP': '.285', 'SLG': '.279', 'Hits+Runs+RBIS': '0', 'Stolen Bases': '0', 'Doubles': '0', 'Triples': '0', 'id': '29515', 'Sac Hits': '0', 'Sac Flies': '0', 'Hit by Pitch': '0', 'Bases on Defensive Interference': '0', 'Total Bases': '0', 'Singles': '0'}, {'name': 'S. Zavala', 'Team': 'Chicago White Sox', 'AB': '1', 'Runs': '0', 'Hits': '0', 'RBIs': '0', 'Home Runs': '0', 'Walks': '1', 'Strikeouts': '0', 'AVG': '.154', 'OBP': '.207', 'SLG': '.288', 'Hits+Runs+RBIS': '0', 'Stolen Bases': '0', 'Doubles': '0', 'Triples': '0', 'id': '37919', 'Sac Hits': '0', 'Sac Flies': '0', 'Hit by Pitch': '0', 'Bases on Defensive Interference': '0', 'Total Bases': '0', 'Singles': '0'}, {'name': 'G. Sheets', 'Team': 'Chicago White Sox', 'AB': '1', 'Runs': '0', 'Hits': '0', 'RBIs': '0', 'Home Runs': '0', 'Walks': '0', 'Strikeouts': '0', 'AVG': '.215', 'OBP': '.290', 'SLG': '.355', 'Hits+Runs+RBIS': '0', 'Stolen Bases': '0', 'Doubles': '0', 'Triples': '0', 'id': '40700', 'Sac Hits': '0', 'Sac Flies': '0', 'Hit by Pitch': '0', 'Bases on Defensive Interference': '0', 'Total Bases': '0', 'Singles': '0'}, {'name': 'Y. Grandal', 'Team': 'Chicago White Sox', 'AB': '0', 'Runs': '0', 'Hits': '0', 'RBIs': '0', 'Home Runs': '0', 'Walks': '0', 'Strikeouts': '0', 'AVG': '.251', 'OBP': '.317', 'SLG': '.382', 'Hits+Runs+RBIS': '0', 'Stolen Bases': '0', 'Doubles': '0', 'Triples': '0', 'id': '30950', 'Sac Hits': '0', 'Sac Flies': '0', 'Hit by Pitch': '0', 'Bases on Defensive Interference': '0', 'Total Bases': '0', 'Singles': '0'}], 'homePitchers': [{'name': 'M. Kopech', 'Team': 'Chicago White Sox', 'Pitching Outs': 15, 'Hits Allowed': '4', 'Total Runs Allowed': '3', 'Runs Allowed': '3', 'Walks Allowed': '5', 'Strikeouts': '2', 'HR': '2', 'PC-ST': '93-45', 'ERA': '4.49', 'Extra': 'L, 4-10', 'Stolen Bases': '0', 'Doubles': '0', 'Triples': '0', 'Home Runs': '0', 'id': '33763', 'Sac Hits': '0', 'Sac Flies': '0', 'Hit by Pitch': '0', 'Bases on Defensive Interference': '0'}, {'name': 'D. Cronin', 'Team': 'Chicago White Sox', 'Pitching Outs': 6, 'Hits Allowed': '1', 'Total Runs Allowed': '2', 'Runs Allowed': '2', 'Walks Allowed': '1', 'Strikeouts': '0', 'HR': '1', 'PC-ST': '28-20', 'ERA': '9.00', 'Stolen Bases': '0', 'Doubles': '0', 'Triples': '0', 'Home Runs': '0', 'id': '5125258', 'Sac Hits': '0', 'Sac Flies': '0', 'Hit by Pitch': '0', 'Bases on Defensive Interference': '0'}, {'name': 'S. Peralta', 'Team': 'Chicago White Sox', 'Pitching Outs': 3, 'Hits Allowed': '0', 'Total Runs Allowed': '0', 'Runs Allowed': '0', 'Walks Allowed': '0', 'Strikeouts': '0', 'HR': '0', 'PC-ST': '12-9', 'ERA': '6.75', 'Stolen Bases': '0', 'Doubles': '0', 'Triples': '0', 'Home Runs': '0', 'id': '4991148', 'Sac Hits': '0', 'Sac Flies': '0', 'Hit by Pitch': '0', 'Bases on Defensive Interference': '0'}, {'name': 'E. Navarro', 'Team': 'Chicago White Sox', 'Pitching Outs': 3, 'Hits Allowed': '2', 'Total Runs Allowed': '0', 'Runs Allowed': '0', 'Walks Allowed': '0', 'Strikeouts': '2', 'HR': '0', 'PC-ST': '22-16', 'ERA': '0.00', 'Stolen Bases': '0', 'Doubles': '0', 'Triples': '0', 'Home Runs': '0', 'id': '4987395', 'Sac Hits': '0', 'Sac Flies': '0', 'Hit by Pitch': '0', 'Bases on Defensive Interference': '0'}], 'players': [{'name': 'Tim Anderson', 'Team': 'Chicago White Sox', 'AB': '4', 'Runs': '0', 'Hits': '1', 'RBIs': '0', 'Home Runs': '0', 'Walks': '0', 'Strikeouts': '1', 'AVG': '.245', 'OBP': '.286', 'SLG': '.293', 'Hits+Runs+RBIS': '1', 'Stolen Bases': '0', 'Doubles': '0', 'Triples': '0', 'id': '33184', 'Sac Hits': '0', 'Sac Flies': '0', 'Hit by Pitch': '0', 'Bases on Defensive Interference': '0', 'Total Bases': '1', 'Singles': '1'}, {'name': 'Y. Moncada', 'Team': 'Chicago White Sox', 'AB': '4', 'Runs': '0', 'Hits': '1', 'RBIs': '0', 'Home Runs': '0', 'Walks': '0', 'Strikeouts': '0', 'AVG': '.229', 'OBP': '.274', 'SLG': '.350', 'Hits+Runs+RBIS': '1', 'Stolen Bases': '0', 'Doubles': '0', 'Triples': '0', 'id': '33984', 'Sac Hits': '0', 'Sac Flies': '0', 'Hit by Pitch': '0', 'Bases on Defensive Interference': '0', 'Total Bases': '1', 'Singles': '1'}, {'name': 'L. Robert Jr.', 'Team': 'Chicago White Sox', 'AB': '4', 'Runs': '0', 'Hits': '1', 'RBIs': '0', 'Home Runs': '0', 'Walks': '0', 'Strikeouts': '0', 'AVG': '.269', 'OBP': '.323', 'SLG': '.559', 'Hits+Runs+RBIS': '1', 'Stolen Bases': '0', 'Doubles': '1', 'Triples': '0', 'id': '39631', 'Sac Hits': '0', 'Sac Flies': '0', 'Hit by Pitch': '0', 'Bases on Defensive Interference': '0', 'Total Bases': '2', 'Singles': '0'}, {'name': 'A. Vaughn', 'Team': 'Chicago White Sox', 'AB': '4', 'Runs': '0', 'Hits': '1', 'RBIs': '0', 'Home Runs': '0', 'Walks': '0', 'Strikeouts': '1', 'AVG': '.247', 'OBP': '.318', 'SLG': '.427', 'Hits+Runs+RBIS': '1', 'Stolen Bases': '0', 'Doubles': '0', 'Triples': '0', 'id': '42394', 'Sac Hits': '0', 'Sac Flies': '0', 'Hit by Pitch': '0', 'Bases on Defensive Interference': '0', 'Total Bases': '1', 'Singles': '1'}, {'name': 'A. Benintendi', 'Team': 'Chicago White Sox', 'AB': '4', 'Runs': '0', 'Hits': '0', 'RBIs': '0', 'Home Runs': '0', 'Walks': '0', 'Strikeouts': '0', 'AVG': '.281', 'OBP': '.347', 'SLG': '.366', 'Hits+Runs+RBIS': '0', 'Stolen Bases': '0', 'Doubles': '0', 'Triples': '0', 'id': '34986', 'Sac Hits': '0', 'Sac Flies': '0', 'Hit by Pitch': '0', 'Bases on Defensive Interference': '0', 'Total Bases': '0', 'Singles': '0'}, {'name': 'J. Burger', 'Team': 'Chicago White Sox', 'AB': '3', 'Runs': '0', 'Hits': '0', 'RBIs': '0', 'Home Runs': '0', 'Walks': '1', 'Strikeouts': '2', 'AVG': '.214', 'OBP': '.279', 'SLG': '.527', 'Hits+Runs+RBIS': '0', 'Stolen Bases': '0', 'Doubles': '0', 'Triples': '0', 'id': '39882', 'Sac Hits': '0', 'Sac Flies': '0', 'Hit by Pitch': '0', 'Bases on Defensive Interference': '0', 'Total Bases': '0', 'Singles': '0'}, {'name': 'O. Colas', 'Team': 'Chicago White Sox', 'AB': '2', 'Runs': '0', 'Hits': '0', 'RBIs': '0', 'Home Runs': '0', 'Walks': '1', 'Strikeouts': '0', 'AVG': '.216', 'OBP': '.255', 'SLG': '.266', 'Hits+Runs+RBIS': '0', 'Stolen Bases': '0', 'Doubles': '0', 'Triples': '0', 'id': '4987420', 'Sac Hits': '0', 'Sac Flies': '0', 'Hit by Pitch': '0', 'Bases on Defensive Interference': '0', 'Total Bases': '0', 'Singles': '0'}, {'name': 'E. Andrus', 'Team': 'Chicago White Sox', 'AB': '3', 'Runs': '0', 'Hits': '0', 'RBIs': '0', 'Home Runs': '0', 'Walks': '0', 'Strikeouts': '1', 'AVG': '.208', 'OBP': '.285', 'SLG': '.279', 'Hits+Runs+RBIS': '0', 'Stolen Bases': '0', 'Doubles': '0', 'Triples': '0', 'id': '29515', 'Sac Hits': '0', 'Sac Flies': '0', 'Hit by Pitch': '0', 'Bases on Defensive Interference': '0', 'Total Bases': '0', 'Singles': '0'}, {'name': 'S. Zavala', 'Team': 'Chicago White Sox', 'AB': '1', 'Runs': '0', 'Hits': '0', 'RBIs': '0', 'Home Runs': '0', 'Walks': '1', 'Strikeouts': '0', 'AVG': '.154', 'OBP': '.207', 'SLG': '.288', 'Hits+Runs+RBIS': '0', 'Stolen Bases': '0', 'Doubles': '0', 'Triples': '0', 'id': '37919', 'Sac Hits': '0', 'Sac Flies': '0', 'Hit by Pitch': '0', 'Bases on Defensive Interference': '0', 'Total Bases': '0', 'Singles': '0'}, {'name': 'G. Sheets', 'Team': 'Chicago White Sox', 'AB': '1', 'Runs': '0', 'Hits': '0', 'RBIs': '0', 'Home Runs': '0', 'Walks': '0', 'Strikeouts': '0', 'AVG': '.215', 'OBP': '.290', 'SLG': '.355', 'Hits+Runs+RBIS': '0', 'Stolen Bases': '0', 'Doubles': '0', 'Triples': '0', 'id': '40700', 'Sac Hits': '0', 'Sac Flies': '0', 'Hit by Pitch': '0', 'Bases on Defensive Interference': '0', 'Total Bases': '0', 'Singles': '0'}, {'name': 'Y. Grandal', 'Team': 'Chicago White Sox', 'AB': '0', 'Runs': '0', 'Hits': '0', 'RBIs': '0', 'Home Runs': '0', 'Walks': '0', 'Strikeouts': '0', 'AVG': '.251', 'OBP': '.317', 'SLG': '.382', 'Hits+Runs+RBIS': '0', 'Stolen Bases': '0', 'Doubles': '0', 'Triples': '0', 'id': '30950', 'Sac Hits': '0', 'Sac Flies': '0', 'Hit by Pitch': '0', 'Bases on Defensive Interference': '0', 'Total Bases': '0', 'Singles': '0'}, {'name': 'M. Kopech', 'Team': 'Chicago White Sox', 'Pitching Outs': 15, 'Hits Allowed': '4', 'Total Runs Allowed': '3', 'Runs Allowed': '3', 'Walks Allowed': '5', 'Strikeouts': '2', 'HR': '2', 'PC-ST': '93-45', 'ERA': '4.49', 'Extra': 'L, 4-10', 'Stolen Bases': '0', 'Doubles': '0', 'Triples': '0', 'Home Runs': '0', 'id': '33763', 'Sac Hits': '0', 'Sac Flies': '0', 'Hit by Pitch': '0', 'Bases on Defensive Interference': '0'}, {'name': 'D. Cronin', 'Team': 'Chicago White Sox', 'Pitching Outs': 6, 'Hits Allowed': '1', 'Total Runs Allowed': '2', 'Runs Allowed': '2', 'Walks Allowed': '1', 'Strikeouts': '0', 'HR': '1', 'PC-ST': '28-20', 'ERA': '9.00', 'Stolen Bases': '0', 'Doubles': '0', 'Triples': '0', 'Home Runs': '0', 'id': '5125258', 'Sac Hits': '0', 'Sac Flies': '0', 'Hit by Pitch': '0', 'Bases on Defensive Interference': '0'}, {'name': 'S. Peralta', 'Team': 'Chicago White Sox', 'Pitching Outs': 3, 'Hits Allowed': '0', 'Total Runs Allowed': '0', 'Runs Allowed': '0', 'Walks Allowed': '0', 'Strikeouts': '0', 'HR': '0', 'PC-ST': '12-9', 'ERA': '6.75', 'Stolen Bases': '0', 'Doubles': '0', 'Triples': '0', 'Home Runs': '0', 'id': '4991148', 'Sac Hits': '0', 'Sac Flies': '0', 'Hit by Pitch': '0', 'Bases on Defensive Interference': '0'}, {'name': 'E. Navarro', 'Team': 'Chicago White Sox', 'Pitching Outs': 3, 'Hits Allowed': '2', 'Total Runs Allowed': '0', 'Runs Allowed': '0', 'Walks Allowed': '0', 'Strikeouts': '2', 'HR': '0', 'PC-ST': '22-16', 'ERA': '0.00', 'Stolen Bases': '0', 'Doubles': '0', 'Triples': '0', 'Home Runs': '0', 'id': '4987395', 'Sac Hits': '0', 'Sac Flies': '0', 'Hit by Pitch': '0', 'Bases on Defensive Interference': '0'}]}","{'awayShort': 'CLE', 'awayTeam': 'Cleveland Guardians', 'awayHitters': [{'name': 'S. Kwan', 'Team': 'Cleveland Guardians', 'AB': '4', 'Runs': '1', 'Hits': '2', 'RBIs': '1', 'Home Runs': '1', 'Walks': '1', 'Strikeouts': '0', 'AVG': '.278', 'OBP': '.350', 'SLG': '.388', 'Hits+Runs+RBIS': '4', 'Stolen Bases': '0', 'Doubles': '1', 'Triples': '0', 'id': '41996', 'Sac Hits': '0', 'Sac Flies': '0', 'Hit by Pitch': '0', 'Bases on Defensive Interference': '0', 'Total Bases': '6', 'Singles': '0'}, {'name': 'A. Gimenez', 'Team': 'Cleveland Guardians', 'AB': '3', 'Runs': '1', 'Hits': '0', 'RBIs': '1', 'Home Runs': '0', 'Walks': '2', 'Strikeouts': '2', 'AVG': '.237', 'OBP': '.309', 'SLG': '.377', 'Hits+Runs+RBIS': '2', 'Stolen Bases': '0', 'Doubles': '0', 'Triples': '0', 'id': '37729', 'Sac Hits': '0', 'Sac Flies': '0', 'Hit by Pitch': '0', 'Bases on Defensive Interference': '0', 'Total Bases': '0', 'Singles': '0'}, {'name': 'J. Ramirez', 'Team': 'Cleveland Guardians', 'AB': '4', 'Runs': '2', 'Hits': '2', 'RBIs': '3', 'Home Runs': '2', 'Walks': '1', 'Strikeouts': '1', 'AVG': '.292', 'OBP': '.361', 'SLG': '.510', 'Hits+Runs+RBIS': '7', 'Stolen Bases': '0', 'Doubles': '0', 'Triples': '0', 'id': '32801', 'Sac Hits': '0', 'Sac Flies': '0', 'Hit by Pitch': '0', 'Bases on Defensive Interference': '0', 'Total Bases': '8', 'Singles': '0'}, {'name': 'J. Naylor', 'Team': 'Cleveland Guardians', 'AB': '4', 'Runs': '0', 'Hits': '1', 'RBIs': '0', 'Home Runs': '0', 'Walks': '0', 'Strikeouts': '0', 'AVG': '.308', 'OBP': '.347', 'SLG': '.504', 'Hits+Runs+RBIS': '1', 'Stolen Bases': '0', 'Doubles': '0', 'Triples': '0', 'id': '35066', 'Sac Hits': '0', 'Sac Flies': '0', 'Hit by Pitch': '0', 'Bases on Defensive Interference': '0', 'Total Bases': '1', 'Singles': '1'}, {'name': 'J. Bell', 'Team': 'Cleveland Guardians', 'AB': '4', 'Runs': '0', 'Hits': '0', 'RBIs': '0', 'Home Runs': '0', 'Walks': '0', 'Strikeouts': '0', 'AVG': '.233', 'OBP': '.319', 'SLG': '.385', 'Hits+Runs+RBIS': '0', 'Stolen Bases': '0', 'Doubles': '0', 'Triples': '0', 'id': '32517', 'Sac Hits': '0', 'Sac Flies': '0', 'Hit by Pitch': '0', 'Bases on Defensive Interference': '0', 'Total Bases': '0', 'Singles': '0'}, {'name': 'D. Fry', 'Team': 'Cleveland Guardians', 'AB': '0', 'Runs': '0', 'Hits': '0', 'RBIs': '0', 'Home Runs': '0', 'Walks': '0', 'Strikeouts': '0', 'AVG': '.284', 'OBP': '.338', 'SLG': '.486', 'Hits+Runs+RBIS': '0', 'Stolen Bases': '0', 'Doubles': '0', 'Triples': '0', 'id': '41672', 'Sac Hits': '0', 'Sac Flies': '0', 'Hit by Pitch': '0', 'Bases on Defensive Interference': '0', 'Total Bases': '0', 'Singles': '0'}, {'name': 'O. Gonzalez', 'Team': 'Cleveland Guardians', 'AB': '2', 'Runs': '1', 'Hits': '0', 'RBIs': '0', 'Home Runs': '0', 'Walks': '1', 'Strikeouts': '0', 'AVG': '.200', 'OBP': '.229', 'SLG': '.288', 'Hits+Runs+RBIS': '1', 'Stolen Bases': '0', 'Doubles': '0', 'Triples': '0', 'id': '39400', 'Sac Hits': '0', 'Sac Flies': '0', 'Hit by Pitch': '0', 'Bases on Defensive Interference': '0', 'Total Bases': '0', 'Singles': '0'}, {'name': 'M. Straw', 'Team': 'Cleveland Guardians', 'AB': '1', 'Runs': '0', 'Hits': '0', 'RBIs': '0', 'Home Runs': '0', 'Walks': '0', 'Strikeouts': '0', 'AVG': '.235', 'OBP': '.302', 'SLG': '.296', 'Hits+Runs+RBIS': '0', 'Stolen Bases': '0', 'Doubles': '0', 'Triples': '0', 'id': '39105', 'Sac Hits': '0', 'Sac Flies': '0', 'Hit by Pitch': '0', 'Bases on Defensive Interference': '0', 'Total Bases': '0', 'Singles': '0'}, {'name': 'W. Brennan', 'Team': 'Cleveland Guardians', 'AB': '4', 'Runs': '0', 'Hits': '1', 'RBIs': '0', 'Home Runs': '0', 'Walks': '0', 'Strikeouts': '0', 'AVG': '.262', 'OBP': '.297', 'SLG': '.372', 'Hits+Runs+RBIS': '1', 'Stolen Bases': '0', 'Doubles': '0', 'Triples': '0', 'id': '4088296', 'Sac Hits': '0', 'Sac Flies': '0', 'Hit by Pitch': '0', 'Bases on Defensive Interference': '0', 'Total Bases': '1', 'Singles': '1'}, {'name': 'G. Arias', 'Team': 'Cleveland Guardians', 'AB': '4', 'Runs': '0', 'Hits': '1', 'RBIs': '0', 'Home Runs': '0', 'Walks': '0', 'Strikeouts': '0', 'AVG': '.195', 'OBP': '.299', 'SLG': '.312', 'Hits+Runs+RBIS': '1', 'Stolen Bases': '0', 'Doubles': '0', 'Triples': '0', 'id': '40344', 'Sac Hits': '0', 'Sac Flies': '0', 'Hit by Pitch': '0', 'Bases on Defensive Interference': '0', 'Total Bases': '1', 'Singles': '1'}, {'name': 'C. Gallagher', 'Team': 'Cleveland Guardians', 'AB': '3', 'Runs': '0', 'Hits': '0', 'RBIs': '0', 'Home Runs': '0', 'Walks': '1', 'Strikeouts': '1', 'AVG': '.139', 'OBP': '.175', 'SLG': '.185', 'Hits+Runs+RBIS': '0', 'Stolen Bases': '0', 'Doubles': '0', 'Triples': '0', 'id': '33698', 'Sac Hits': '0', 'Sac Flies': '0', 'Hit by Pitch': '0', 'Bases on Defensive Interference': '0', 'Total Bases': '0', 'Singles': '0'}], 'awayPitchers': [{'name': 'A. Civale', 'Team': 'Cleveland Guardians', 'Pitching Outs': 18, 'Hits Allowed': '3', 'Total Runs Allowed': '0', 'Runs Allowed': '0', 'Walks Allowed': '2', 'Strikeouts': '4', 'HR': '0', 'PC-ST': '81-51', 'ERA': '2.34', 'Extra': 'W, 5-2', 'Stolen Bases': '0', 'Doubles': '0', 'Triples': '0', 'Home Runs': '0', 'id': '40934', 'Sac Hits': '0', 'Sac Flies': '0', 'Hit by Pitch': '0', 'Bases on Defensive Interference': '0'}, {'name': 'E. De Los Santos', 'Team': 'Cleveland Guardians', 'Pitching Outs': 3, 'Hits Allowed': '0', 'Total Runs Allowed': '0', 'Runs Allowed': '0', 'Walks Allowed': '1', 'Strikeouts': '1', 'HR': '0', 'PC-ST': '13-7', 'ERA': '2.45', 'Stolen Bases': '0', 'Doubles': '0', 'Triples': '0', 'Home Runs': '0', 'id': '35026', 'Sac Hits': '0', 'Sac Flies': '0', 'Hit by Pitch': '0', 'Bases on Defensive Interference': '0'}, {'name': 'T. Stephan', 'Team': 'Cleveland Guardians', 'Pitching Outs': 3, 'Hits Allowed': '0', 'Total Runs Allowed': '0', 'Runs Allowed': '0', 'Walks Allowed': '0', 'Strikeouts': '0', 'HR': '0', 'PC-ST': '8-5', 'ERA': '3.18', 'Stolen Bases': '0', 'Doubles': '0', 'Triples': '0', 'Home Runs': '0', 'id': '41003', 'Sac Hits': '0', 'Sac Flies': '0', 'Hit by Pitch': '0', 'Bases on Defensive Interference': '0'}, {'name': 'E. Clase', 'Team': 'Cleveland Guardians', 'Pitching Outs': 3, 'Hits Allowed': '1', 'Total Runs Allowed': '0', 'Runs Allowed': '0', 'Walks Allowed': '0', 'Strikeouts': '0', 'HR': '0', 'PC-ST': '12-8', 'ERA': '2.96', 'Stolen Bases': '0', 'Doubles': '0', 'Triples': '0', 'Home Runs': '0', 'id': '41743', 'Sac Hits': '0', 'Sac Flies': '0', 'Hit by Pitch': '0', 'Bases on Defensive Interference': '0'}], 'players': [{'name': 'S. Kwan', 'Team': 'Cleveland Guardians', 'AB': '4', 'Runs': '1', 'Hits': '2', 'RBIs': '1', 'Home Runs': '1', 'Walks': '1', 'Strikeouts': '0', 'AVG': '.278', 'OBP': '.350', 'SLG': '.388', 'Hits+Runs+RBIS': '4', 'Stolen Bases': '0', 'Doubles': '1', 'Triples': '0', 'id': '41996', 'Sac Hits': '0', 'Sac Flies': '0', 'Hit by Pitch': '0', 'Bases on Defensive Interference': '0', 'Total Bases': '6', 'Singles': '0'}, {'name': 'A. Gimenez', 'Team': 'Cleveland Guardians', 'AB': '3', 'Runs': '1', 'Hits': '0', 'RBIs': '1', 'Home Runs': '0', 'Walks': '2', 'Strikeouts': '2', 'AVG': '.237', 'OBP': '.309', 'SLG': '.377', 'Hits+Runs+RBIS': '2', 'Stolen Bases': '0', 'Doubles': '0', 'Triples': '0', 'id': '37729', 'Sac Hits': '0', 'Sac Flies': '0', 'Hit by Pitch': '0', 'Bases on Defensive Interference': '0', 'Total Bases': '0', 'Singles': '0'}, {'name': 'J. Ramirez', 'Team': 'Cleveland Guardians', 'AB': '4', 'Runs': '2', 'Hits': '2', 'RBIs': '3', 'Home Runs': '2', 'Walks': '1', 'Strikeouts': '1', 'AVG': '.292', 'OBP': '.361', 'SLG': '.510', 'Hits+Runs+RBIS': '7', 'Stolen Bases': '0', 'Doubles': '0', 'Triples': '0', 'id': '32801', 'Sac Hits': '0', 'Sac Flies': '0', 'Hit by Pitch': '0', 'Bases on Defensive Interference': '0', 'Total Bases': '8', 'Singles': '0'}, {'name': 'J. Naylor', 'Team': 'Cleveland Guardians', 'AB': '4', 'Runs': '0', 'Hits': '1', 'RBIs': '0', 'Home Runs': '0', 'Walks': '0', 'Strikeouts': '0', 'AVG': '.308', 'OBP': '.347', 'SLG': '.504', 'Hits+Runs+RBIS': '1', 'Stolen Bases': '0', 'Doubles': '0', 'Triples': '0', 'id': '35066', 'Sac Hits': '0', 'Sac Flies': '0', 'Hit by Pitch': '0', 'Bases on Defensive Interference': '0', 'Total Bases': '1', 'Singles': '1'}, {'name': 'J. Bell', 'Team': 'Cleveland Guardians', 'AB': '4', 'Runs': '0', 'Hits': '0', 'RBIs': '0', 'Home Runs': '0', 'Walks': '0', 'Strikeouts': '0', 'AVG': '.233', 'OBP': '.319', 'SLG': '.385', 'Hits+Runs+RBIS': '0', 'Stolen Bases': '0', 'Doubles': '0', 'Triples': '0', 'id': '32517', 'Sac Hits': '0', 'Sac Flies': '0', 'Hit by Pitch': '0', 'Bases on Defensive Interference': '0', 'Total Bases': '0', 'Singles': '0'}, {'name': 'D. Fry', 'Team': 'Cleveland Guardians', 'AB': '0', 'Runs': '0', 'Hits': '0', 'RBIs': '0', 'Home Runs': '0', 'Walks': '0', 'Strikeouts': '0', 'AVG': '.284', 'OBP': '.338', 'SLG': '.486', 'Hits+Runs+RBIS': '0', 'Stolen Bases': '0', 'Doubles': '0', 'Triples': '0', 'id': '41672', 'Sac Hits': '0', 'Sac Flies': '0', 'Hit by Pitch': '0', 'Bases on Defensive Interference': '0', 'Total Bases': '0', 'Singles': '0'}, {'name': 'O. Gonzalez', 'Team': 'Cleveland Guardians', 'AB': '2', 'Runs': '1', 'Hits': '0', 'RBIs': '0', 'Home Runs': '0', 'Walks': '1', 'Strikeouts': '0', 'AVG': '.200', 'OBP': '.229', 'SLG': '.288', 'Hits+Runs+RBIS': '1', 'Stolen Bases': '0', 'Doubles': '0', 'Triples': '0', 'id': '39400', 'Sac Hits': '0', 'Sac Flies': '0', 'Hit by Pitch': '0', 'Bases on Defensive Interference': '0', 'Total Bases': '0', 'Singles': '0'}, {'name': 'M. Straw', 'Team': 'Cleveland Guardians', 'AB': '1', 'Runs': '0', 'Hits': '0', 'RBIs': '0', 'Home Runs': '0', 'Walks': '0', 'Strikeouts': '0', 'AVG': '.235', 'OBP': '.302', 'SLG': '.296', 'Hits+Runs+RBIS': '0', 'Stolen Bases': '0', 'Doubles': '0', 'Triples': '0', 'id': '39105', 'Sac Hits': '0', 'Sac Flies': '0', 'Hit by Pitch': '0', 'Bases on Defensive Interference': '0', 'Total Bases': '0', 'Singles': '0'}, {'name': 'W. Brennan', 'Team': 'Cleveland Guardians', 'AB': '4', 'Runs': '0', 'Hits': '1', 'RBIs': '0', 'Home Runs': '0', 'Walks': '0', 'Strikeouts': '0', 'AVG': '.262', 'OBP': '.297', 'SLG': '.372', 'Hits+Runs+RBIS': '1', 'Stolen Bases': '0', 'Doubles': '0', 'Triples': '0', 'id': '4088296', 'Sac Hits': '0', 'Sac Flies': '0', 'Hit by Pitch': '0', 'Bases on Defensive Interference': '0', 'Total Bases': '1', 'Singles': '1'}, {'name': 'G. Arias', 'Team': 'Cleveland Guardians', 'AB': '4', 'Runs': '0', 'Hits': '1', 'RBIs': '0', 'Home Runs': '0', 'Walks': '0', 'Strikeouts': '0', 'AVG': '.195', 'OBP': '.299', 'SLG': '.312', 'Hits+Runs+RBIS': '1', 'Stolen Bases': '0', 'Doubles': '0', 'Triples': '0', 'id': '40344', 'Sac Hits': '0', 'Sac Flies': '0', 'Hit by Pitch': '0', 'Bases on Defensive Interference': '0', 'Total Bases': '1', 'Singles': '1'}, {'name': 'C. Gallagher', 'Team': 'Cleveland Guardians', 'AB': '3', 'Runs': '0', 'Hits': '0', 'RBIs': '0', 'Home Runs': '0', 'Walks': '1', 'Strikeouts': '1', 'AVG': '.139', 'OBP': '.175', 'SLG': '.185', 'Hits+Runs+RBIS': '0', 'Stolen Bases': '0', 'Doubles': '0', 'Triples': '0', 'id': '33698', 'Sac Hits': '0', 'Sac Flies': '0', 'Hit by Pitch': '0', 'Bases on Defensive Interference': '0', 'Total Bases': '0', 'Singles': '0'}, {'name': 'A. Civale', 'Team': 'Cleveland Guardians', 'Pitching Outs': 18, 'Hits Allowed': '3', 'Total Runs Allowed': '0', 'Runs Allowed': '0', 'Walks Allowed': '2', 'Strikeouts': '4', 'HR': '0', 'PC-ST': '81-51', 'ERA': '2.34', 'Extra': 'W, 5-2', 'Stolen Bases': '0', 'Doubles': '0', 'Triples': '0', 'Home Runs': '0', 'id': '40934', 'Sac Hits': '0', 'Sac Flies': '0', 'Hit by Pitch': '0', 'Bases on Defensive Interference': '0'}, {'name': 'E. De Los Santos', 'Team': 'Cleveland Guardians', 'Pitching Outs': 3, 'Hits Allowed': '0', 'Total Runs Allowed': '0', 'Runs Allowed': '0', 'Walks Allowed': '1', 'Strikeouts': '1', 'HR': '0', 'PC-ST': '13-7', 'ERA': '2.45', 'Stolen Bases': '0', 'Doubles': '0', 'Triples': '0', 'Home Runs': '0', 'id': '35026', 'Sac Hits': '0', 'Sac Flies': '0', 'Hit by Pitch': '0', 'Bases on Defensive Interference': '0'}, {'name': 'T. Stephan', 'Team': 'Cleveland Guardians', 'Pitching Outs': 3, 'Hits Allowed': '0', 'Total Runs Allowed': '0', 'Runs Allowed': '0', 'Walks Allowed': '0', 'Strikeouts': '0', 'HR': '0', 'PC-ST': '8-5', 'ERA': '3.18', 'Stolen Bases': '0', 'Doubles': '0', 'Triples': '0', 'Home Runs': '0', 'id': '41003', 'Sac Hits': '0', 'Sac Flies': '0', 'Hit by Pitch': '0', 'Bases on Defensive Interference': '0'}, {'name': 'E. Clase', 'Team': 'Cleveland Guardians', 'Pitching Outs': 3, 'Hits Allowed': '1', 'Total Runs Allowed': '0', 'Runs Allowed': '0', 'Walks Allowed': '0', 'Strikeouts': '0', 'HR': '0', 'PC-ST': '12-8', 'ERA': '2.96', 'Stolen Bases': '0', 'Doubles': '0', 'Triples': '0', 'Home Runs': '0', 'id': '41743', 'Sac Hits': '0', 'Sac Flies': '0', 'Hit by Pitch': '0', 'Bases on Defensive Interference': '0'}]}","{'Away': ['0', '1', '0', '0', '2', '0', '2', '0', '0', '5', 7, 1], 'Home': ['0', '0', '0', '0', '0', '0', '0', '0', '0', '0', 4, 1], 'Labels': [1, 2, 3, 4, 5, 6, 7, 8, 9, 'Runs', 'Home Runs', 'Errors']}",False,mlb,20230730
Minnesota Twins@Kansas City Royals,"{'homeShort': 'KC', 'homeTeam': 'Kansas City Royals', 'homeHitters': [{'name': 'M. Garcia', 'Team': 'Kansas City Royals', 'AB': '4', 'Runs': '0', 'Hits': '1', 'RBIs': '1', 'Home Runs': '0', 'Walks': '0', 'Strikeouts': '0', 'AVG': '.272', 'OBP': '.320', 'SLG': '.386', 'Hits+Runs+RBIS': '2', 'Stolen Bases': '0', 'Doubles': '1', 'Triples': '0', 'id': '4905884', 'Sac Hits': '0', 'Sac Flies': '0', 'Hit by Pitch': '0', 'Bases on Defensive Interference': '0', 'Total Bases': '2', 'Singles': '0'}, {'name': 'B. Witt Jr.', 'Team': 'Kansas City Royals', 'AB': '4', 'Runs': '0', 'Hits': '1', 'RBIs': '0', 'Home Runs': '0', 'Walks': '0', 'Strikeouts': '2', 'AVG': '.263', 'OBP': '.301', 'SLG': '.465', 'Hits+Runs+RBIS': '1', 'Stolen Bases': '0', 'Doubles': '0', 'Triples': '0', 'id': '42403', 'Sac Hits': '0', 'Sac Flies': '0', 'Hit by Pitch': '0', 'Bases on Defensive Interference': '0', 'Total Bases': '1', 'Singles': '1'}, {'name': 'M. Melendez', 'Team': 'Kansas City Royals', 'AB': '4', 'Runs': '0', 'Hits': '1', 'RBIs': '0', 'Home Runs': '0', 'Walks': '0', 'Strikeouts': '2', 'AVG': '.217', 'OBP': '.292', 'SLG': '.352', 'Hits+Runs+RBIS': '1', 'Stolen Bases': '0', 'Doubles': '0', 'Triples': '0', 'id': '40948', 'Sac Hits': '0', 'Sac Flies': '0', 'Hit by Pitch': '0', 'Bases on Defensive Interference': '0', 'Total Bases': '1', 'Singles': '1'}, {'name': 'S. Taylor', 'Team': 'Kansas City Royals', 'AB': '0', 'Runs': '0', 'Hits': '0', 'RBIs': '0', 'Home Runs': '0', 'Walks': '0', 'Strikeouts': '0', 'AVG': '.152', 'OBP': '.275', 'SLG': '.152', 'Hits+Runs+RBIS': '0', 'Stolen Bases': '0', 'Doubles': '0', 'Triples': '0', 'id': '39710', 'Sac Hits': '0', 'Sac Flies': '0', 'Hit by Pitch': '0', 'Bases on Defensive Interference': '0', 'Total Bases': '0', 'Singles': '0'}, {'name': 'S. Perez', 'Team': 'Kansas City Royals', 'AB': '3', 'Runs': '0', 'Hits': '0', 'RBIs': '0', 'Home Runs': '0', 'Walks': '0', 'Strikeouts': '1', 'AVG': '.247', 'OBP': '.289', 'SLG': '.430', 'Hits+Runs+RBIS': '0', 'Stolen Bases': '0', 'Doubles': '0', 'Triples': '0', 'id': '31127', 'Sac Hits': '0', 'Sac Flies': '0', 'Hit by Pitch': '1', 'Bases on Defensive Interference': '0', 'Total Bases': '0', 'Singles': '0'}, {'name': 'M. Massey', 'Team': 'Kansas City Royals', 'AB': '3', 'Runs': '0', 'Hits': '0', 'RBIs': '0', 'Home Runs': '0', 'Walks': '1', 'Strikeouts': '1', 'AVG': '.217', 'OBP': '.272', 'SLG': '.353', 'Hits+Runs+RBIS': '0', 'Stolen Bases': '1', 'Doubles': '0', 'Triples': '0', 'id': '4109223', 'Sac Hits': '0', 'Sac Flies': '0', 'Hit by Pitch': '0', 'Bases on Defensive Interference': '0', 'Total Bases': '0', 'Singles': '0'}, {'name': 'F. Fermin', 'Team': 'Kansas City Royals', 'AB': '3', 'Runs': '1', 'Hits': '1', 'RBIs': '1', 'Home Runs': '1', 'Walks': '0', 'Strikeouts': '1', 'AVG': '.299', 'OBP': '.346', 'SLG': '.504', 'Hits+Runs+RBIS': '3', 'Stolen Bases': '0', 'Doubles': '0', 'Triples': '0', 'id': '41928', 'Sac Hits': '0', 'Sac Flies': '0', 'Hit by Pitch': '0', 'Bases on Defensive Interference': '0', 'Total Bases': '4', 'Singles': '0'}, {'name': 'D. Waters', 'Team': 'Kansas City Royals', 'AB': '2', 'Runs': '0', 'Hits': '0', 'RBIs': '0', 'Home Runs': '0', 'Walks': '1', 'Strikeouts': '0', 'AVG': '.236', 'OBP': '.294', 'SLG': '.370', 'Hits+Runs+RBIS': '0', 'Stolen Bases': '0', 'Doubles': '0', 'Triples': '0', 'id': '41076', 'Sac Hits': '0', 'Sac Flies': '0', 'Hit by Pitch': '0', 'Bases on Defensive Interference': '0', 'Total Bases': '0', 'Singles': '0'}, {'name': 'D. Blanco', 'Team': 'Kansas City Royals', 'AB': '3', 'Runs': '0', 'Hits': '1', 'RBIs': '0', 'Home Runs': '0', 'Walks': '0', 'Strikeouts': '0', 'AVG': '.238', 'OBP': '.294', 'SLG': '.429', 'Hits+Runs+RBIS': '1', 'Stolen Bases': '0', 'Doubles': '0', 'Triples': '0', 'id': '42228', 'Sac Hits': '0', 'Sac Flies': '0', 'Hit by Pitch': '0', 'Bases on Defensive Interference': '0', 'Total Bases': '1', 'Singles': '1'}, {'name': 'N. Lopez', 'Team': 'Kansas City Royals', 'AB': '3', 'Runs': '1', 'Hits': '1', 'RBIs': '0', 'Home Runs': '0', 'Walks': '0', 'Strikeouts': '0', 'AVG': '.213', 'OBP': '.323', 'SLG': '.281', 'Hits+Runs+RBIS': '2', 'Stolen Bases': '0', 'Doubles': '0', 'Triples': '0', 'id': '38106', 'Sac Hits': '0', 'Sac Flies': '0', 'Hit by Pitch': '0', 'Bases on Defensive Interference': '0', 'Total Bases': '1', 'Singles': '1'}], 'homePitchers': [{'name': 'R. Yarbrough', 'Team': 'Kansas City Royals', 'Pitching Outs': 21, 'Hits Allowed': '7', 'Total Runs Allowed': '1', 'Runs Allowed': '1', 'Walks Allowed': '0', 'Strikeouts': '5', 'HR': '1', 'PC-ST': '78-56', 'ERA': '4.24', 'Extra': 'W, 4-5', 'Stolen Bases': '0', 'Doubles': '0', 'Triples': '0', 'Home Runs': '0', 'id': '33735', 'Sac Hits': '0', 'Sac Flies': '0', 'Hit by Pitch': '0', 'Bases on Defensive Interference': '0'}, {'name': 'D. Coleman', 'Team': 'Kansas City Royals', 'Pitching Outs': 3, 'Hits Allowed': '0', 'Total Runs Allowed': '0', 'Runs Allowed': '0', 'Walks Allowed': '0', 'Strikeouts': '2', 'HR': '0', 'PC-ST': '14-9', 'ERA': '9.95', 'Extra': 'H, 3', 'Stolen Bases': '0', 'Doubles': '0', 'Triples': '0', 'Home Runs': '0', 'id': '41393', 'Sac Hits': '0', 'Sac Flies': '0', 'Hit by Pitch': '0', 'Bases on Defensive Interference': '0'}, {'name': 'C. Hernandez', 'Team': 'Kansas City Royals', 'Pitching Outs': 3, 'Hits Allowed': '0', 'Total Runs Allowed': '0', 'Runs Allowed': '0', 'Walks Allowed': '1', 'Strikeouts': '2', 'HR': '0', 'PC-ST': '19-10', 'ERA': '3.57', 'Extra': 'S, 1', 'Stolen Bases': '0', 'Doubles': '0', 'Triples': '0', 'Home Runs': '0', 'id': '41233', 'Sac Hits': '0', 'Sac Flies': '0', 'Hit by Pitch': '0', 'Bases on Defensive Interference': '0'}], 'players': [{'name': 'M. Garcia', 'Team': 'Kansas City Royals', 'AB': '4', 'Runs': '0', 'Hits': '1', 'RBIs': '1', 'Home Runs': '0', 'Walks': '0', 'Strikeouts': '0', 'AVG': '.272', 'OBP': '.320', 'SLG': '.386', 'Hits+Runs+RBIS': '2', 'Stolen Bases': '0', 'Doubles': '1', 'Triples': '0', 'id': '4905884', 'Sac Hits': '0', 'Sac Flies': '0', 'Hit by Pitch': '0', 'Bases on Defensive Interference': '0', 'Total Bases': '2', 'Singles': '0'}, {'name': 'B. Witt Jr.', 'Team': 'Kansas City Royals', 'AB': '4', 'Runs': '0', 'Hits': '1', 'RBIs': '0', 'Home Runs': '0', 'Walks': '0', 'Strikeouts': '2', 'AVG': '.263', 'OBP': '.301', 'SLG': '.465', 'Hits+Runs+RBIS': '1', 'Stolen Bases': '0', 'Doubles': '0', 'Triples': '0', 'id': '42403', 'Sac Hits': '0', 'Sac Flies': '0', 'Hit by Pitch': '0', 'Bases on Defensive Interference': '0', 'Total Bases': '1', 'Singles': '1'}, {'name': 'M. Melendez', 'Team': 'Kansas City Royals', 'AB': '4', 'Runs': '0', 'Hits': '1', 'RBIs': '0', 'Home Runs': '0', 'Walks': '0', 'Strikeouts': '2', 'AVG': '.217', 'OBP': '.292', 'SLG': '.352', 'Hits+Runs+RBIS': '1', 'Stolen Bases': '0', 'Doubles': '0', 'Triples': '0', 'id': '40948', 'Sac Hits': '0', 'Sac Flies': '0', 'Hit by Pitch': '0', 'Bases on Defensive Interference': '0', 'Total Bases': '1', 'Singles': '1'}, {'name': 'S. Taylor', 'Team': 'Kansas City Royals', 'AB': '0', 'Runs': '0', 'Hits': '0', 'RBIs': '0', 'Home Runs': '0', 'Walks': '0', 'Strikeouts': '0', 'AVG': '.152', 'OBP': '.275', 'SLG': '.152', 'Hits+Runs+RBIS': '0', 'Stolen Bases': '0', 'Doubles': '0', 'Triples': '0', 'id': '39710', 'Sac Hits': '0', 'Sac Flies': '0', 'Hit by Pitch': '0', 'Bases on Defensive Interference': '0', 'Total Bases': '0', 'Singles': '0'}, {'name': 'S. Perez', 'Team': 'Kansas City Royals', 'AB': '3', 'Runs': '0', 'Hits': '0', 'RBIs': '0', 'Home Runs': '0', 'Walks': '0', 'Strikeouts': '1', 'AVG': '.247', 'OBP': '.289', 'SLG': '.430', 'Hits+Runs+RBIS': '0', 'Stolen Bases': '0', 'Doubles': '0', 'Triples': '0', 'id': '31127', 'Sac Hits': '0', 'Sac Flies': '0', 'Hit by Pitch': '1', 'Bases on Defensive Interference': '0', 'Total Bases': '0', 'Singles': '0'}, {'name': 'M. Massey', 'Team': 'Kansas City Royals', 'AB': '3', 'Runs': '0', 'Hits': '0', 'RBIs': '0', 'Home Runs': '0', 'Walks': '1', 'Strikeouts': '1', 'AVG': '.217', 'OBP': '.272', 'SLG': '.353', 'Hits+Runs+RBIS': '0', 'Stolen Bases': '1', 'Doubles': '0', 'Triples': '0', 'id': '4109223', 'Sac Hits': '0', 'Sac Flies': '0', 'Hit by Pitch': '0', 'Bases on Defensive Interference': '0', 'Total Bases': '0', 'Singles': '0'}, {'name': 'F. Fermin', 'Team': 'Kansas City Royals', 'AB': '3', 'Runs': '1', 'Hits': '1', 'RBIs': '1', 'Home Runs': '1', 'Walks': '0', 'Strikeouts': '1', 'AVG': '.299', 'OBP': '.346', 'SLG': '.504', 'Hits+Runs+RBIS': '3', 'Stolen Bases': '0', 'Doubles': '0', 'Triples': '0', 'id': '41928', 'Sac Hits': '0', 'Sac Flies': '0', 'Hit by Pitch': '0', 'Bases on Defensive Interference': '0', 'Total Bases': '4', 'Singles': '0'}, {'name': 'D. Waters', 'Team': 'Kansas City Royals', 'AB': '2', 'Runs': '0', 'Hits': '0', 'RBIs': '0', 'Home Runs': '0', 'Walks': '1', 'Strikeouts': '0', 'AVG': '.236', 'OBP': '.294', 'SLG': '.370', 'Hits+Runs+RBIS': '0', 'Stolen Bases': '0', 'Doubles': '0', 'Triples': '0', 'id': '41076', 'Sac Hits': '0', 'Sac Flies': '0', 'Hit by Pitch': '0', 'Bases on Defensive Interference': '0', 'Total Bases': '0', 'Singles': '0'}, {'name': 'D. Blanco', 'Team': 'Kansas City Royals', 'AB': '3', 'Runs': '0', 'Hits': '1', 'RBIs': '0', 'Home Runs': '0', 'Walks': '0', 'Strikeouts': '0', 'AVG': '.238', 'OBP': '.294', 'SLG': '.429', 'Hits+Runs+RBIS': '1', 'Stolen Bases': '0', 'Doubles': '0', 'Triples': '0', 'id': '42228', 'Sac Hits': '0', 'Sac Flies': '0', 'Hit by Pitch': '0', 'Bases on Defensive Interference': '0', 'Total Bases': '1', 'Singles': '1'}, {'name': 'N. Lopez', 'Team': 'Kansas City Royals', 'AB': '3', 'Runs': '1', 'Hits': '1', 'RBIs': '0', 'Home Runs': '0', 'Walks': '0', 'Strikeouts': '0', 'AVG': '.213', 'OBP': '.323', 'SLG': '.281', 'Hits+Runs+RBIS': '2', 'Stolen Bases': '0', 'Doubles': '0', 'Triples': '0', 'id': '38106', 'Sac Hits': '0', 'Sac Flies': '0', 'Hit by Pitch': '0', 'Bases on Defensive Interference': '0', 'Total Bases': '1', 'Singles': '1'}, {'name': 'R. Yarbrough', 'Team': 'Kansas City Royals', 'Pitching Outs': 21, 'Hits Allowed': '7', 'Total Runs Allowed': '1', 'Runs Allowed': '1', 'Walks Allowed': '0', 'Strikeouts': '5', 'HR': '1', 'PC-ST': '78-56', 'ERA': '4.24', 'Extra': 'W, 4-5', 'Stolen Bases': '0', 'Doubles': '0', 'Triples': '0', 'Home Runs': '0', 'id': '33735', 'Sac Hits': '0', 'Sac Flies': '0', 'Hit by Pitch': '0', 'Bases on Defensive Interference': '0'}, {'name': 'D. Coleman', 'Team': 'Kansas City Royals', 'Pitching Outs': 3, 'Hits Allowed': '0', 'Total Runs Allowed': '0', 'Runs Allowed': '0', 'Walks Allowed': '0', 'Strikeouts': '2', 'HR': '0', 'PC-ST': '14-9', 'ERA': '9.95', 'Extra': 'H, 3', 'Stolen Bases': '0', 'Doubles': '0', 'Triples': '0', 'Home Runs': '0', 'id': '41393', 'Sac Hits': '0', 'Sac Flies': '0', 'Hit by Pitch': '0', 'Bases on Defensive Interference': '0'}, {'name': 'C. Hernandez', 'Team': 'Kansas City Royals', 'Pitching Outs': 3, 'Hits Allowed': '0', 'Total Runs Allowed': '0', 'Runs Allowed': '0', 'Walks Allowed': '1', 'Strikeouts': '2', 'HR': '0', 'PC-ST': '19-10', 'ERA': '3.57', 'Extra': 'S, 1', 'Stolen Bases': '0', 'Doubles': '0', 'Triples': '0', 'Home Runs': '0', 'id': '41233', 'Sac Hits': '0', 'Sac Flies': '0', 'Hit by Pitch': '0', 'Bases on Defensive Interference': '0'}]}","{'awayShort': 'MIN', 'awayTeam': 'Minnesota Twins', 'awayHitters': [{'name': 'C. Correa', 'Team': 'Minnesota Twins', 'AB': '4', 'Runs': '0', 'Hits': '1', 'RBIs': '0', 'Home Runs': '0', 'Walks': '0', 'Strikeouts': '1', 'AVG': '.228', 'OBP': '.304', 'SLG': '.398', 'Hits+Runs+RBIS': '1', 'Stolen Bases': '0', 'Doubles': '0', 'Triples': '0', 'id': '32653', 'Sac Hits': '0', 'Sac Flies': '0', 'Hit by Pitch': '0', 'Bases on Defensive Interference': '0', 'Total Bases': '1', 'Singles': '1'}, {'name': 'D. Solano', 'Team': 'Minnesota Twins', 'AB': '3', 'Runs': '0', 'Hits': '1', 'RBIs': '0', 'Home Runs': '0', 'Walks': '0', 'Strikeouts': '1', 'AVG': '.264', 'OBP': '.366', 'SLG': '.392', 'Hits+Runs+RBIS': '1', 'Stolen Bases': '0', 'Doubles': '0', 'Triples': '0', 'id': '29703', 'Sac Hits': '0', 'Sac Flies': '0', 'Hit by Pitch': '0', 'Bases on Defensive Interference': '0', 'Total Bases': '1', 'Singles': '1'}, {'name': 'E. Julien', 'Team': 'Minnesota Twins', 'AB': '1', 'Runs': '0', 'Hits': '0', 'RBIs': '0', 'Home Runs': '0', 'Walks': '0', 'Strikeouts': '0', 'AVG': '.298', 'OBP': '.386', 'SLG': '.536', 'Hits+Runs+RBIS': '0', 'Stolen Bases': '0', 'Doubles': '0', 'Triples': '0', 'id': '3985190', 'Sac Hits': '0', 'Sac Flies': '0', 'Hit by Pitch': '0', 'Bases on Defensive Interference': '0', 'Total Bases': '0', 'Singles': '0'}, {'name': 'B. Buxton', 'Team': 'Minnesota Twins', 'AB': '4', 'Runs': '0', 'Hits': '1', 'RBIs': '0', 'Home Runs': '0', 'Walks': '0', 'Strikeouts': '2', 'AVG': '.207', 'OBP': '.294', 'SLG': '.437', 'Hits+Runs+RBIS': '1', 'Stolen Bases': '0', 'Doubles': '1', 'Triples': '0', 'id': '32655', 'Sac Hits': '0', 'Sac Flies': '0', 'Hit by Pitch': '0', 'Bases on Defensive Interference': '0', 'Total Bases': '2', 'Singles': '0'}, {'name': 'K. Farmer', 'Team': 'Minnesota Twins', 'AB': '3', 'Runs': '0', 'Hits': '1', 'RBIs': '0', 'Home Runs': '0', 'Walks': '0', 'Strikeouts': '1', 'AVG': '.259', 'OBP': '.321', 'SLG': '.401', 'Hits+Runs+RBIS': '1', 'Stolen Bases': '0', 'Doubles': '0', 'Triples': '0', 'id': '33287', 'Sac Hits': '0', 'Sac Flies': '0', 'Hit by Pitch': '0', 'Bases on Defensive Interference': '0', 'Total Bases': '1', 'Singles': '1'}, {'name': 'M. Kepler', 'Team': 'Minnesota Twins', 'AB': '1', 'Runs': '0', 'Hits': '0', 'RBIs': '0', 'Home Runs': '0', 'Walks': '0', 'Strikeouts': '1', 'AVG': '.232', 'OBP': '.296', 'SLG': '.445', 'Hits+Runs+RBIS': '0', 'Stolen Bases': '0', 'Doubles': '0', 'Triples': '0', 'id': '31870', 'Sac Hits': '0', 'Sac Flies': '0', 'Hit by Pitch': '0', 'Bases on Defensive Interference': '0', 'Total Bases': '0', 'Singles': '0'}, {'name': 'J. Polanco', 'Team': 'Minnesota Twins', 'AB': '3', 'Runs': '0', 'Hits': '0', 'RBIs': '0', 'Home Runs': '0', 'Walks': '1', 'Strikeouts': '0', 'AVG': '.242', 'OBP': '.291', 'SLG': '.432', 'Hits+Runs+RBIS': '0', 'Stolen Bases': '0', 'Doubles': '0', 'Triples': '0', 'id': '32525', 'Sac Hits': '0', 'Sac Flies': '0', 'Hit by Pitch': '0', 'Bases on Defensive Interference': '0', 'Total Bases': '0', 'Singles': '0'}, {'name': 'W. Castro', 'Team': 'Minnesota Twins', 'AB': '4', 'Runs': '0', 'Hits': '2', 'RBIs': '0', 'Home Runs': '0', 'Walks': '0', 'Strikeouts': '0', 'AVG': '.247', 'OBP': '.331', 'SLG': '.370', 'Hits+Runs+RBIS': '2', 'Stolen Bases': '0', 'Doubles': '0', 'Triples': '0', 'id': '34230', 'Sac Hits': '0', 'Sac Flies': '0', 'Hit by Pitch': '0', 'Bases on Defensive Interference': '0', 'Total Bases': '2', 'Singles': '2'}, {'name': 'C. Vazquez', 'Team': 'Minnesota Twins', 'AB': '3', 'Runs': '0', 'Hits': '0', 'RBIs': '0', 'Home Runs': '0', 'Walks': '0', 'Strikeouts': '0', 'AVG': '.224', 'OBP': '.292', 'SLG': '.308', 'Hits+Runs+RBIS': '0', 'Stolen Bases': '0', 'Doubles': '0', 'Triples': '0', 'id': '31389', 'Sac Hits': '0', 'Sac Flies': '0', 'Hit by Pitch': '0', 'Bases on Defensive Interference': '0', 'Total Bases': '0', 'Singles': '0'}, {'name': 'J. Gallo', 'Team': 'Minnesota Twins', 'AB': '1', 'Runs': '0', 'Hits': '0', 'RBIs': '0', 'Home Runs': '0', 'Walks': '0', 'Strikeouts': '1', 'AVG': '.178', 'OBP': '.292', 'SLG': '.448', 'Hits+Runs+RBIS': '0', 'Stolen Bases': '0', 'Doubles': '0', 'Triples': '0', 'id': '32818', 'Sac Hits': '0', 'Sac Flies': '0', 'Hit by Pitch': '0', 'Bases on Defensive Interference': '0', 'Total Bases': '0', 'Singles': '0'}, {'name': 'M. Taylor', 'Team': 'Minnesota Twins', 'AB': '3', 'Runs': '0', 'Hits': '0', 'RBIs': '0', 'Home Runs': '0', 'Walks': '0', 'Strikeouts': '1', 'AVG': '.219', 'OBP': '.268', 'SLG': '.414', 'Hits+Runs+RBIS': '0', 'Stolen Bases': '0', 'Doubles': '0', 'Triples': '0', 'id': '32219', 'Sac Hits': '0', 'Sac Flies': '0', 'Hit by Pitch': '0', 'Bases on Defensive Interference': '0', 'Total Bases': '0', 'Singles': '0'}, {'name': 'M. Wallner', 'Team': 'Minnesota Twins', 'AB': '3', 'Runs': '1', 'Hits': '1', 'RBIs': '1', 'Home Runs': '1', 'Walks': '0', 'Strikeouts': '1', 'AVG': '.258', 'OBP': '.378', 'SLG': '.532', 'Hits+Runs+RBIS': '3', 'Stolen Bases': '0', 'Doubles': '0', 'Triples': '0', 'id': '42427', 'Sac Hits': '0', 'Sac Flies': '0', 'Hit by Pitch': '0', 'Bases on Defensive Interference': '0', 'Total Bases': '4', 'Singles': '0'}], 'awayPitchers': [{'name': 'K. Maeda', 'Team': 'Minnesota Twins', 'Pitching Outs': 15, 'Hits Allowed': '4', 'Total Runs Allowed': '2', 'Runs Allowed': '2', 'Walks Allowed': '2', 'Strikeouts': '7', 'HR': '1', 'PC-ST': '94-60', 'ERA': '4.53', 'Extra': 'L, 2-6', 'Stolen Bases': '0', 'Doubles': '0', 'Triples': '0', 'Home Runs': '0', 'id': '34892', 'Sac Hits': '0', 'Sac Flies': '0', 'Hit by Pitch': '0', 'Bases on Defensive Interference': '0'}, {'name': 'D. Floro', 'Team': 'Minnesota Twins', 'Pitching Outs': 3, 'Hits Allowed': '0', 'Total Runs Allowed': '0', 'Runs Allowed': '0', 'Walks Allowed': '0', 'Strikeouts': '0', 'HR': '0', 'PC-ST': '11-6', 'ERA': '4.39', 'Stolen Bases': '0', 'Doubles': '0', 'Triples': '0', 'Home Runs': '0', 'id': '33852', 'Sac Hits': '0', 'Sac Flies': '0', 'Hit by Pitch': '0', 'Bases on Defensive Interference': '0'}, {'name': 'E. Pagan', 'Team': 'Minnesota Twins', 'Pitching Outs': 3, 'Hits Allowed': '0', 'Total Runs Allowed': '0', 'Runs Allowed': '0', 'Walks Allowed': '0', 'Strikeouts': '0', 'HR': '0', 'PC-ST': '6-5', 'ERA': '3.30', 'Stolen Bases': '0', 'Doubles': '0', 'Triples': '0', 'Home Runs': '0', 'id': '33403', 'Sac Hits': '0', 'Sac Flies': '0', 'Hit by Pitch': '0', 'Bases on Defensive Interference': '0'}, {'name': 'G. Jax', 'Team': 'Minnesota Twins', 'Pitching Outs': 3, 'Hits Allowed': '2', 'Total Runs Allowed': '0', 'Runs Allowed': '0', 'Walks Allowed': '0', 'Strikeouts': '0', 'HR': '0', 'PC-ST': '22-12', 'ERA': '3.05', 'Stolen Bases': '0', 'Doubles': '0', 'Triples': '0', 'Home Runs': '0', 'id': '42604', 'Sac Hits': '0', 'Sac Flies': '0', 'Hit by Pitch': '0', 'Bases on Defensive Interference': '0'}], 'players': [{'name': 'C. Correa', 'Team': 'Minnesota Twins', 'AB': '4', 'Runs': '0', 'Hits': '1', 'RBIs': '0', 'Home Runs': '0', 'Walks': '0', 'Strikeouts': '1', 'AVG': '.228', 'OBP': '.304', 'SLG': '.398', 'Hits+Runs+RBIS': '1', 'Stolen Bases': '0', 'Doubles': '0', 'Triples': '0', 'id': '32653', 'Sac Hits': '0', 'Sac Flies': '0', 'Hit by Pitch': '0', 'Bases on Defensive Interference': '0', 'Total Bases': '1', 'Singles': '1'}, {'name': 'D. Solano', 'Team': 'Minnesota Twins', 'AB': '3', 'Runs': '0', 'Hits': '1', 'RBIs': '0', 'Home Runs': '0', 'Walks': '0', 'Strikeouts': '1', 'AVG': '.264', 'OBP': '.366', 'SLG': '.392', 'Hits+Runs+RBIS': '1', 'Stolen Bases': '0', 'Doubles': '0', 'Triples': '0', 'id': '29703', 'Sac Hits': '0', 'Sac Flies': '0', 'Hit by Pitch': '0', 'Bases on Defensive Interference': '0', 'Total Bases': '1', 'Singles': '1'}, {'name': 'E. Julien', 'Team': 'Minnesota Twins', 'AB': '1', 'Runs': '0', 'Hits': '0', 'RBIs': '0', 'Home Runs': '0', 'Walks': '0', 'Strikeouts': '0', 'AVG': '.298', 'OBP': '.386', 'SLG': '.536', 'Hits+Runs+RBIS': '0', 'Stolen Bases': '0', 'Doubles': '0', 'Triples': '0', 'id': '3985190', 'Sac Hits': '0', 'Sac Flies': '0', 'Hit by Pitch': '0', 'Bases on Defensive Interference': '0', 'Total Bases': '0', 'Singles': '0'}, {'name': 'B. Buxton', 'Team': 'Minnesota Twins', 'AB': '4', 'Runs': '0', 'Hits': '1', 'RBIs': '0', 'Home Runs': '0', 'Walks': '0', 'Strikeouts': '2', 'AVG': '.207', 'OBP': '.294', 'SLG': '.437', 'Hits+Runs+RBIS': '1', 'Stolen Bases': '0', 'Doubles': '1', 'Triples': '0', 'id': '32655', 'Sac Hits': '0', 'Sac Flies': '0', 'Hit by Pitch': '0', 'Bases on Defensive Interference': '0', 'Total Bases': '2', 'Singles': '0'}, {'name': 'K. Farmer', 'Team': 'Minnesota Twins', 'AB': '3', 'Runs': '0', 'Hits': '1', 'RBIs': '0', 'Home Runs': '0', 'Walks': '0', 'Strikeouts': '1', 'AVG': '.259', 'OBP': '.321', 'SLG': '.401', 'Hits+Runs+RBIS': '1', 'Stolen Bases': '0', 'Doubles': '0', 'Triples': '0', 'id': '33287', 'Sac Hits': '0', 'Sac Flies': '0', 'Hit by Pitch': '0', 'Bases on Defensive Interference': '0', 'Total Bases': '1', 'Singles': '1'}, {'name': 'M. Kepler', 'Team': 'Minnesota Twins', 'AB': '1', 'Runs': '0', 'Hits': '0', 'RBIs': '0', 'Home Runs': '0', 'Walks': '0', 'Strikeouts': '1', 'AVG': '.232', 'OBP': '.296', 'SLG': '.445', 'Hits+Runs+RBIS': '0', 'Stolen Bases': '0', 'Doubles': '0', 'Triples': '0', 'id': '31870', 'Sac Hits': '0', 'Sac Flies': '0', 'Hit by Pitch': '0', 'Bases on Defensive Interference': '0', 'Total Bases': '0', 'Singles': '0'}, {'name': 'J. Polanco', 'Team': 'Minnesota Twins', 'AB': '3', 'Runs': '0', 'Hits': '0', 'RBIs': '0', 'Home Runs': '0', 'Walks': '1', 'Strikeouts': '0', 'AVG': '.242', 'OBP': '.291', 'SLG': '.432', 'Hits+Runs+RBIS': '0', 'Stolen Bases': '0', 'Doubles': '0', 'Triples': '0', 'id': '32525', 'Sac Hits': '0', 'Sac Flies': '0', 'Hit by Pitch': '0', 'Bases on Defensive Interference': '0', 'Total Bases': '0', 'Singles': '0'}, {'name': 'W. Castro', 'Team': 'Minnesota Twins', 'AB': '4', 'Runs': '0', 'Hits': '2', 'RBIs': '0', 'Home Runs': '0', 'Walks': '0', 'Strikeouts': '0', 'AVG': '.247', 'OBP': '.331', 'SLG': '.370', 'Hits+Runs+RBIS': '2', 'Stolen Bases': '0', 'Doubles': '0', 'Triples': '0', 'id': '34230', 'Sac Hits': '0', 'Sac Flies': '0', 'Hit by Pitch': '0', 'Bases on Defensive Interference': '0', 'Total Bases': '2', 'Singles': '2'}, {'name': 'C. Vazquez', 'Team': 'Minnesota Twins', 'AB': '3', 'Runs': '0', 'Hits': '0', 'RBIs': '0', 'Home Runs': '0', 'Walks': '0', 'Strikeouts': '0', 'AVG': '.224', 'OBP': '.292', 'SLG': '.308', 'Hits+Runs+RBIS': '0', 'Stolen Bases': '0', 'Doubles': '0', 'Triples': '0', 'id': '31389', 'Sac Hits': '0', 'Sac Flies': '0', 'Hit by Pitch': '0', 'Bases on Defensive Interference': '0', 'Total Bases': '0', 'Singles': '0'}, {'name': 'J. Gallo', 'Team': 'Minnesota Twins', 'AB': '1', 'Runs': '0', 'Hits': '0', 'RBIs': '0', 'Home Runs': '0', 'Walks': '0', 'Strikeouts': '1', 'AVG': '.178', 'OBP': '.292', 'SLG': '.448', 'Hits+Runs+RBIS': '0', 'Stolen Bases': '0', 'Doubles': '0', 'Triples': '0', 'id': '32818', 'Sac Hits': '0', 'Sac Flies': '0', 'Hit by Pitch': '0', 'Bases on Defensive Interference': '0', 'Total Bases': '0', 'Singles': '0'}, {'name': 'M. Taylor', 'Team': 'Minnesota Twins', 'AB': '3', 'Runs': '0', 'Hits': '0', 'RBIs': '0', 'Home Runs': '0', 'Walks': '0', 'Strikeouts': '1', 'AVG': '.219', 'OBP': '.268', 'SLG': '.414', 'Hits+Runs+RBIS': '0', 'Stolen Bases': '0', 'Doubles': '0', 'Triples': '0', 'id': '32219', 'Sac Hits': '0', 'Sac Flies': '0', 'Hit by Pitch': '0', 'Bases on Defensive Interference': '0', 'Total Bases': '0', 'Singles': '0'}, {'name': 'M. Wallner', 'Team': 'Minnesota Twins', 'AB': '3', 'Runs': '1', 'Hits': '1', 'RBIs': '1', 'Home Runs': '1', 'Walks': '0', 'Strikeouts': '1', 'AVG': '.258', 'OBP': '.378', 'SLG': '.532', 'Hits+Runs+RBIS': '3', 'Stolen Bases': '0', 'Doubles': '0', 'Triples': '0', 'id': '42427', 'Sac Hits': '0', 'Sac Flies': '0', 'Hit by Pitch': '0', 'Bases on Defensive Interference': '0', 'Total Bases': '4', 'Singles': '0'}, {'name': 'K. Maeda', 'Team': 'Minnesota Twins', 'Pitching Outs': 15, 'Hits Allowed': '4', 'Total Runs Allowed': '2', 'Runs Allowed': '2', 'Walks Allowed': '2', 'Strikeouts': '7', 'HR': '1', 'PC-ST': '94-60', 'ERA': '4.53', 'Extra': 'L, 2-6', 'Stolen Bases': '0', 'Doubles': '0', 'Triples': '0', 'Home Runs': '0', 'id': '34892', 'Sac Hits': '0', 'Sac Flies': '0', 'Hit by Pitch': '0', 'Bases on Defensive Interference': '0'}, {'name': 'D. Floro', 'Team': 'Minnesota Twins', 'Pitching Outs': 3, 'Hits Allowed': '0', 'Total Runs Allowed': '0', 'Runs Allowed': '0', 'Walks Allowed': '0', 'Strikeouts': '0', 'HR': '0', 'PC-ST': '11-6', 'ERA': '4.39', 'Stolen Bases': '0', 'Doubles': '0', 'Triples': '0', 'Home Runs': '0', 'id': '33852', 'Sac Hits': '0', 'Sac Flies': '0', 'Hit by Pitch': '0', 'Bases on Defensive Interference': '0'}, {'name': 'E. Pagan', 'Team': 'Minnesota Twins', 'Pitching Outs': 3, 'Hits Allowed': '0', 'Total Runs Allowed': '0', 'Runs Allowed': '0', 'Walks Allowed': '0', 'Strikeouts': '0', 'HR': '0', 'PC-ST': '6-5', 'ERA': '3.30', 'Stolen Bases': '0', 'Doubles': '0', 'Triples': '0', 'Home Runs': '0', 'id': '33403', 'Sac Hits': '0', 'Sac Flies': '0', 'Hit by Pitch': '0', 'Bases on Defensive Interference': '0'}, {'name': 'G. Jax', 'Team': 'Minnesota Twins', 'Pitching Outs': 3, 'Hits Allowed': '2', 'Total Runs Allowed': '0', 'Runs Allowed': '0', 'Walks Allowed': '0', 'Strikeouts': '0', 'HR': '0', 'PC-ST': '22-12', 'ERA': '3.05', 'Stolen Bases': '0', 'Doubles': '0', 'Triples': '0', 'Home Runs': '0', 'id': '42604', 'Sac Hits': '0', 'Sac Flies': '0', 'Hit by Pitch': '0', 'Bases on Defensive Interference': '0'}]}","{'Away': ['0', '0', '1', '0', '0', '0', '0', '0', '0', '1', 7, 0], 'Home': ['0', '1', '1', '0', '0', '0', '0', '0', '-', '2', 6, 0], 'Labels': [1, 2, 3, 4, 5, 6, 7, 8, 9, 'Runs', 'Home Runs', 'Errors']}",False,mlb,20230730
Tampa Bay Rays@Houston Astros,"{'homeShort': 'HOU', 'homeTeam': 'Houston Astros', 'homeHitters': [{'name': 'J. Altuve', 'Team': 'Houston Astros', 'AB': '4', 'Runs': '1', 'Hits': '3', 'RBIs': '0', 'Home Runs': '0', 'Walks': '0', 'Strikeouts': '1', 'AVG': '.277', 'OBP': '.371', 'SLG': '.504', 'Hits+Runs+RBIS': '4', 'Stolen Bases': '0', 'Doubles': '0', 'Triples': '0', 'id': '31662', 'Sac Hits': '0', 'Sac Flies': '0', 'Hit by Pitch': '0', 'Bases on Defensive Interference': '0', 'Total Bases': '3', 'Singles': '3'}, {'name': 'G. Kessinger', 'Team': 'Houston Astros', 'AB': '1', 'Runs': '0', 'Hits': '0', 'RBIs': '0', 'Home Runs': '0', 'Walks': '0', 'Strikeouts': '0', 'AVG': '.214', 'OBP': '.333', 'SLG': '.357', 'Hits+Runs+RBIS': '0', 'Stolen Bases': '0', 'Doubles': '0', 'Triples': '0', 'id': '42667', 'Sac Hits': '0', 'Sac Flies': '0', 'Hit by Pitch': '0', 'Bases on Defensive Interference': '0', 'Total Bases': '0', 'Singles': '0'}, {'name': 'J. Pena', 'Team': 'Houston Astros', 'AB': '4', 'Runs': '1', 'Hits': '2', 'RBIs': '0', 'Home Runs': '0', 'Walks': '0', 'Strikeouts': '0', 'AVG': '.240', 'OBP': '.293', 'SLG': '.375', 'Hits+Runs+RBIS': '3', 'Stolen Bases': '0', 'Doubles': '0', 'Triples': '0', 'id': '41273', 'Sac Hits': '0', 'Sac Flies': '0', 'Hit by Pitch': '0', 'Bases on Defensive Interference': '0', 'Total Bases': '2', 'Singles': '2'}, {'name': 'K. Tucker', 'Team': 'Houston Astros', 'AB': '3', 'Runs': '0', 'Hits': '1', 'RBIs': '1', 'Home Runs': '0', 'Walks': '0', 'Strikeouts': '0', 'AVG': '.299', 'OBP': '.380', 'SLG': '.511', 'Hits+Runs+RBIS': '2', 'Stolen Bases': '0', 'Doubles': '1', 'Triples': '0', 'id': '34967', 'Sac Hits': '0', 'Sac Flies': '0', 'Hit by Pitch': '0', 'Bases on Defensive Interference': '0', 'Total Bases': '2', 'Singles': '0'}, {'name': 'C. Julks', 'Team': 'Houston Astros', 'AB': '1', 'Runs': '0', 'Hits': '0', 'RBIs': '0', 'Home Runs': '0', 'Walks': '0', 'Strikeouts': '0', 'AVG': '.251', 'OBP': '.304', 'SLG': '.362', 'Hits+Runs+RBIS': '0', 'Stolen Bases': '0', 'Doubles': '0', 'Triples': '0', 'id': '41526', 'Sac Hits': '0', 'Sac Flies': '0', 'Hit by Pitch': '0', 'Bases on Defensive Interference': '0', 'Total Bases': '0', 'Singles': '0'}, {'name': 'A. Bregman', 'Team': 'Houston Astros', 'AB': '4', 'Runs': '0', 'Hits': '1', 'RBIs': '1', 'Home Runs': '0', 'Walks': '0', 'Strikeouts': '1', 'AVG': '.254', 'OBP': '.346', 'SLG': '.431', 'Hits+Runs+RBIS': '2', 'Stolen Bases': '0', 'Doubles': '0', 'Triples': '0', 'id': '34886', 'Sac Hits': '0', 'Sac Flies': '0', 'Hit by Pitch': '0', 'Bases on Defensive Interference': '0', 'Total Bases': '1', 'Singles': '1'}, {'name': 'Y. Alvarez', 'Team': 'Houston Astros', 'AB': '4', 'Runs': '0', 'Hits': '1', 'RBIs': '0', 'Home Runs': '0', 'Walks': '0', 'Strikeouts': '1', 'AVG': '.286', 'OBP': '.394', 'SLG': '.594', 'Hits+Runs+RBIS': '1', 'Stolen Bases': '0', 'Doubles': '0', 'Triples': '0', 'id': '36018', 'Sac Hits': '0', 'Sac Flies': '0', 'Hit by Pitch': '0', 'Bases on Defensive Interference': '0', 'Total Bases': '1', 'Singles': '1'}, {'name': 'J. Abreu', 'Team': 'Houston Astros', 'AB': '4', 'Runs': '0', 'Hits': '0', 'RBIs': '0', 'Home Runs': '0', 'Walks': '0', 'Strikeouts': '1', 'AVG': '.245', 'OBP': '.298', 'SLG': '.362', 'Hits+Runs+RBIS': '0', 'Stolen Bases': '0', 'Doubles': '0', 'Triples': '0', 'id': '33095', 'Sac Hits': '0', 'Sac Flies': '0', 'Hit by Pitch': '0', 'Bases on Defensive Interference': '0', 'Total Bases': '0', 'Singles': '0'}, {'name': 'C. McCormick', 'Team': 'Houston Astros', 'AB': '4', 'Runs': '0', 'Hits': '1', 'RBIs': '0', 'Home Runs': '0', 'Walks': '0', 'Strikeouts': '1', 'AVG': '.285', 'OBP': '.372', 'SLG': '.526', 'Hits+Runs+RBIS': '1', 'Stolen Bases': '0', 'Doubles': '0', 'Triples': '0', 'id': '40574', 'Sac Hits': '0', 'Sac Flies': '0', 'Hit by Pitch': '0', 'Bases on Defensive Interference': '0', 'Total Bases': '1', 'Singles': '1'}, {'name': 'M. Dubon', 'Team': 'Houston Astros', 'AB': '4', 'Runs': '0', 'Hits': '1', 'RBIs': '0', 'Home Runs': '0', 'Walks': '0', 'Strikeouts': '0', 'AVG': '.263', 'OBP': '.289', 'SLG': '.371', 'Hits+Runs+RBIS': '1', 'Stolen Bases': '0', 'Doubles': '0', 'Triples': '0', 'id': '35304', 'Sac Hits': '0', 'Sac Flies': '0', 'Hit by Pitch': '0', 'Bases on Defensive Interference': '0', 'Total Bases': '1', 'Singles': '1'}, {'name': 'M. Maldonado', 'Team': 'Houston Astros', 'AB': '4', 'Runs': '0', 'Hits': '0', 'RBIs': '0', 'Home Runs': '0', 'Walks': '0', 'Strikeouts': '2', 'AVG': '.169', 'OBP': '.239', 'SLG': '.302', 'Hits+Runs+RBIS': '0', 'Stolen Bases': '0', 'Doubles': '0', 'Triples': '0', 'id': '30289', 'Sac Hits': '0', 'Sac Flies': '0', 'Hit by Pitch': '0', 'Bases on Defensive Interference': '0', 'Total Bases': '0', 'Singles': '0'}], 'homePitchers': [{'name': 'B. Bielak', 'Team': 'Houston Astros', 'Pitching Outs': 15, 'Hits Allowed': '8', 'Total Runs Allowed': '6', 'Runs Allowed': '3', 'Walks Allowed': '3', 'Strikeouts': '4', 'HR': '0', 'PC-ST': '93-55', 'ERA': '3.74', 'Extra': 'L, 5-6', 'Stolen Bases': '0', 'Doubles': '0', 'Triples': '0', 'Home Runs': '0', 'id': '41260', 'Sac Hits': '0', 'Sac Flies': '0', 'Hit by Pitch': '0', 'Bases on Defensive Interference': '0'}, {'name': 'P. Maton', 'Team': 'Houston Astros', 'Pitching Outs': 6, 'Hits Allowed': '3', 'Total Runs Allowed': '2', 'Runs Allowed': '2', 'Walks Allowed': '1', 'Strikeouts': '2', 'HR': '1', 'PC-ST': '37-21', 'ERA': '3.24', 'Stolen Bases': '0', 'Doubles': '0', 'Triples': '0', 'Home Runs': '0', 'id': '36161', 'Sac Hits': '0', 'Sac Flies': '0', 'Hit by Pitch': '0', 'Bases on Defensive Interference': '0'}, {'name': 'K. Graveman', 'Team': 'Houston Astros', 'Pitching Outs': 3, 'Hits Allowed': '1', 'Total Runs Allowed': '0', 'Runs Allowed': '0', 'Walks Allowed': '1', 'Strikeouts': '1', 'HR': '0', 'PC-ST': '11-5', 'ERA': '3.40', 'Stolen Bases': '0', 'Doubles': '0', 'Triples': '0', 'Home Runs': '0', 'id': '33636', 'Sac Hits': '0', 'Sac Flies': '0', 'Hit by Pitch': '0', 'Bases on Defensive Interference': '0'}, {'name': 'R. Montero', 'Team': 'Houston Astros', 'Pitching Outs': 3, 'Hits Allowed': '0', 'Total Runs Allowed': '0', 'Runs Allowed': '0', 'Walks Allowed': '0', 'Strikeouts': '1', 'HR': '0', 'PC-ST': '8-5', 'ERA': '6.00', 'Stolen Bases': '0', 'Doubles': '0', 'Triples': '0', 'Home Runs': '0', 'id': '32631', 'Sac Hits': '0', 'Sac Flies': '0', 'Hit by Pitch': '0', 'Bases on Defensive Interference': '0'}], 'players': [{'name': 'J. Altuve', 'Team': 'Houston Astros', 'AB': '4', 'Runs': '1', 'Hits': '3', 'RBIs': '0', 'Home Runs': '0', 'Walks': '0', 'Strikeouts': '1', 'AVG': '.277', 'OBP': '.371', 'SLG': '.504', 'Hits+Runs+RBIS': '4', 'Stolen Bases': '0', 'Doubles': '0', 'Triples': '0', 'id': '31662', 'Sac Hits': '0', 'Sac Flies': '0', 'Hit by Pitch': '0', 'Bases on Defensive Interference': '0', 'Total Bases': '3', 'Singles': '3'}, {'name': 'G. Kessinger', 'Team': 'Houston Astros', 'AB': '1', 'Runs': '0', 'Hits': '0', 'RBIs': '0', 'Home Runs': '0', 'Walks': '0', 'Strikeouts': '0', 'AVG': '.214', 'OBP': '.333', 'SLG': '.357', 'Hits+Runs+RBIS': '0', 'Stolen Bases': '0', 'Doubles': '0', 'Triples': '0', 'id': '42667', 'Sac Hits': '0', 'Sac Flies': '0', 'Hit by Pitch': '0', 'Bases on Defensive Interference': '0', 'Total Bases': '0', 'Singles': '0'}, {'name': 'J. Pena', 'Team': 'Houston Astros', 'AB': '4', 'Runs': '1', 'Hits': '2', 'RBIs': '0', 'Home Runs': '0', 'Walks': '0', 'Strikeouts': '0', 'AVG': '.240', 'OBP': '.293', 'SLG': '.375', 'Hits+Runs+RBIS': '3', 'Stolen Bases': '0', 'Doubles': '0', 'Triples': '0', 'id': '41273', 'Sac Hits': '0', 'Sac Flies': '0', 'Hit by Pitch': '0', 'Bases on Defensive Interference': '0', 'Total Bases': '2', 'Singles': '2'}, {'name': 'K. Tucker', 'Team': 'Houston Astros', 'AB': '3', 'Runs': '0', 'Hits': '1', 'RBIs': '1', 'Home Runs': '0', 'Walks': '0', 'Strikeouts': '0', 'AVG': '.299', 'OBP': '.380', 'SLG': '.511', 'Hits+Runs+RBIS': '2', 'Stolen Bases': '0', 'Doubles': '1', 'Triples': '0', 'id': '34967', 'Sac Hits': '0', 'Sac Flies': '0', 'Hit by Pitch': '0', 'Bases on Defensive Interference': '0', 'Total Bases': '2', 'Singles': '0'}, {'name': 'C. Julks', 'Team': 'Houston Astros', 'AB': '1', 'Runs': '0', 'Hits': '0', 'RBIs': '0', 'Home Runs': '0', 'Walks': '0', 'Strikeouts': '0', 'AVG': '.251', 'OBP': '.304', 'SLG': '.362', 'Hits+Runs+RBIS': '0', 'Stolen Bases': '0', 'Doubles': '0', 'Triples': '0', 'id': '41526', 'Sac Hits': '0', 'Sac Flies': '0', 'Hit by Pitch': '0', 'Bases on Defensive Interference': '0', 'Total Bases': '0', 'Singles': '0'}, {'name': 'A. Bregman', 'Team': 'Houston Astros', 'AB': '4', 'Runs': '0', 'Hits': '1', 'RBIs': '1', 'Home Runs': '0', 'Walks': '0', 'Strikeouts': '1', 'AVG': '.254', 'OBP': '.346', 'SLG': '.431', 'Hits+Runs+RBIS': '2', 'Stolen Bases': '0', 'Doubles': '0', 'Triples': '0', 'id': '34886', 'Sac Hits': '0', 'Sac Flies': '0', 'Hit by Pitch': '0', 'Bases on Defensive Interference': '0', 'Total Bases': '1', 'Singles': '1'}, {'name': 'Y. Alvarez', 'Team': 'Houston Astros', 'AB': '4', 'Runs': '0', 'Hits': '1', 'RBIs': '0', 'Home Runs': '0', 'Walks': '0', 'Strikeouts': '1', 'AVG': '.286', 'OBP': '.394', 'SLG': '.594', 'Hits+Runs+RBIS': '1', 'Stolen Bases': '0', 'Doubles': '0', 'Triples': '0', 'id': '36018', 'Sac Hits': '0', 'Sac Flies': '0', 'Hit by Pitch': '0', 'Bases on Defensive Interference': '0', 'Total Bases': '1', 'Singles': '1'}, {'name': 'J. Abreu', 'Team': 'Houston Astros', 'AB': '4', 'Runs': '0', 'Hits': '0', 'RBIs': '0', 'Home Runs': '0', 'Walks': '0', 'Strikeouts': '1', 'AVG': '.245', 'OBP': '.298', 'SLG': '.362', 'Hits+Runs+RBIS': '0', 'Stolen Bases': '0', 'Doubles': '0', 'Triples': '0', 'id': '33095', 'Sac Hits': '0', 'Sac Flies': '0', 'Hit by Pitch': '0', 'Bases on Defensive Interference': '0', 'Total Bases': '0', 'Singles': '0'}, {'name': 'C. McCormick', 'Team': 'Houston Astros', 'AB': '4', 'Runs': '0', 'Hits': '1', 'RBIs': '0', 'Home Runs': '0', 'Walks': '0', 'Strikeouts': '1', 'AVG': '.285', 'OBP': '.372', 'SLG': '.526', 'Hits+Runs+RBIS': '1', 'Stolen Bases': '0', 'Doubles': '0', 'Triples': '0', 'id': '40574', 'Sac Hits': '0', 'Sac Flies': '0', 'Hit by Pitch': '0', 'Bases on Defensive Interference': '0', 'Total Bases': '1', 'Singles': '1'}, {'name': 'M. Dubon', 'Team': 'Houston Astros', 'AB': '4', 'Runs': '0', 'Hits': '1', 'RBIs': '0', 'Home Runs': '0', 'Walks': '0', 'Strikeouts': '0', 'AVG': '.263', 'OBP': '.289', 'SLG': '.371', 'Hits+Runs+RBIS': '1', 'Stolen Bases': '0', 'Doubles': '0', 'Triples': '0', 'id': '35304', 'Sac Hits': '0', 'Sac Flies': '0', 'Hit by Pitch': '0', 'Bases on Defensive Interference': '0', 'Total Bases': '1', 'Singles': '1'}, {'name': 'M. Maldonado', 'Team': 'Houston Astros', 'AB': '4', 'Runs': '0', 'Hits': '0', 'RBIs': '0', 'Home Runs': '0', 'Walks': '0', 'Strikeouts': '2', 'AVG': '.169', 'OBP': '.239', 'SLG': '.302', 'Hits+Runs+RBIS': '0', 'Stolen Bases': '0', 'Doubles': '0', 'Triples': '0', 'id': '30289', 'Sac Hits': '0', 'Sac Flies': '0', 'Hit by Pitch': '0', 'Bases on Defensive Interference': '0', 'Total Bases': '0', 'Singles': '0'}, {'name': 'B. Bielak', 'Team': 'Houston Astros', 'Pitching Outs': 15, 'Hits Allowed': '8', 'Total Runs Allowed': '6', 'Runs Allowed': '3', 'Walks Allowed': '3', 'Strikeouts': '4', 'HR': '0', 'PC-ST': '93-55', 'ERA': '3.74', 'Extra': 'L, 5-6', 'Stolen Bases': '0', 'Doubles': '0', 'Triples': '0', 'Home Runs': '0', 'id': '41260', 'Sac Hits': '0', 'Sac Flies': '0', 'Hit by Pitch': '0', 'Bases on Defensive Interference': '0'}, {'name': 'P. Maton', 'Team': 'Houston Astros', 'Pitching Outs': 6, 'Hits Allowed': '3', 'Total Runs Allowed': '2', 'Runs Allowed': '2', 'Walks Allowed': '1', 'Strikeouts': '2', 'HR': '1', 'PC-ST': '37-21', 'ERA': '3.24', 'Stolen Bases': '0', 'Doubles': '0', 'Triples': '0', 'Home Runs': '0', 'id': '36161', 'Sac Hits': '0', 'Sac Flies': '0', 'Hit by Pitch': '0', 'Bases on Defensive Interference': '0'}, {'name': 'K. Graveman', 'Team': 'Houston Astros', 'Pitching Outs': 3, 'Hits Allowed': '1', 'Total Runs Allowed': '0', 'Runs Allowed': '0', 'Walks Allowed': '1', 'Strikeouts': '1', 'HR': '0', 'PC-ST': '11-5', 'ERA': '3.40', 'Stolen Bases': '0', 'Doubles': '0', 'Triples': '0', 'Home Runs': '0', 'id': '33636', 'Sac Hits': '0', 'Sac Flies': '0', 'Hit by Pitch': '0', 'Bases on Defensive Interference': '0'}, {'name': 'R. Montero', 'Team': 'Houston Astros', 'Pitching Outs': 3, 'Hits Allowed': '0', 'Total Runs Allowed': '0', 'Runs Allowed': '0', 'Walks Allowed': '0', 'Strikeouts': '1', 'HR': '0', 'PC-ST': '8-5', 'ERA': '6.00', 'Stolen Bases': '0', 'Doubles': '0', 'Triples': '0', 'Home Runs': '0', 'id': '32631', 'Sac Hits': '0', 'Sac Flies': '0', 'Hit by Pitch': '0', 'Bases on Defensive Interference': '0'}]}","{'awayShort': 'TB', 'awayTeam': 'Tampa Bay Rays', 'awayHitters': [{'name': 'Y. Diaz', 'Team': 'Tampa Bay Rays', 'AB': '3', 'Runs': '1', 'Hits': '2', 'RBIs': '1', 'Home Runs': '0', 'Walks': '2', 'Strikeouts': '0', 'AVG': '.315', 'OBP': '.401', 'SLG': '.503', 'Hits+Runs+RBIS': '4', 'Stolen Bases': '0', 'Doubles': '1', 'Triples': '0', 'id': '33481', 'Sac Hits': '0', 'Sac Flies': '0', 'Hit by Pitch': '0', 'Bases on Defensive Interference': '0', 'Total Bases': '3', 'Singles': '1'}, {'name': 'W. Franco', 'Team': 'Tampa Bay Rays', 'AB': '4', 'Runs': '2', 'Hits': '1', 'RBIs': '0', 'Home Runs': '0', 'Walks': '1', 'Strikeouts': '0', 'AVG': '.267', 'OBP': '.333', 'SLG': '.441', 'Hits+Runs+RBIS': '3', 'Stolen Bases': '0', 'Doubles': '0', 'Triples': '0', 'id': '40929', 'Sac Hits': '0', 'Sac Flies': '0', 'Hit by Pitch': '0', 'Bases on Defensive Interference': '0', 'Total Bases': '1', 'Singles': '1'}, {'name': 'B. Lowe', 'Team': 'Tampa Bay Rays', 'AB': '5', 'Runs': '2', 'Hits': '3', 'RBIs': '3', 'Home Runs': '1', 'Walks': '0', 'Strikeouts': '2', 'AVG': '.226', 'OBP': '.321', 'SLG': '.439', 'Hits+Runs+RBIS': '8', 'Stolen Bases': '0', 'Doubles': '0', 'Triples': '0', 'id': '39961', 'Sac Hits': '0', 'Sac Flies': '0', 'Hit by Pitch': '0', 'Bases on Defensive Interference': '0', 'Total Bases': '6', 'Singles': '2'}, {'name': 'I. Paredes', 'Team': 'Tampa Bay Rays', 'AB': '4', 'Runs': '0', 'Hits': '0', 'RBIs': '0', 'Home Runs': '0', 'Walks': '1', 'Strikeouts': '2', 'AVG': '.254', 'OBP': '.359', 'SLG': '.502', 'Hits+Runs+RBIS': '0', 'Stolen Bases': '0', 'Doubles': '0', 'Triples': '0', 'id': '39706', 'Sac Hits': '0', 'Sac Flies': '0', 'Hit by Pitch': '0', 'Bases on Defensive Interference': '0', 'Total Bases': '0', 'Singles': '0'}, {'name': 'L. Raley', 'Team': 'Tampa Bay Rays', 'AB': '5', 'Runs': '1', 'Hits': '1', 'RBIs': '1', 'Home Runs': '0', 'Walks': '0', 'Strikeouts': '1', 'AVG': '.268', 'OBP': '.355', 'SLG': '.531', 'Hits+Runs+RBIS': '3', 'Stolen Bases': '0', 'Doubles': '0', 'Triples': '0', 'id': '40422', 'Sac Hits': '0', 'Sac Flies': '0', 'Hit by Pitch': '0', 'Bases on Defensive Interference': '0', 'Total Bases': '1', 'Singles': '1'}, {'name': 'H. Ramirez', 'Team': 'Tampa Bay Rays', 'AB': '5', 'Runs': '0', 'Hits': '2', 'RBIs': '0', 'Home Runs': '0', 'Walks': '0', 'Strikeouts': '1', 'AVG': '.284', 'OBP': '.333', 'SLG': '.437', 'Hits+Runs+RBIS': '2', 'Stolen Bases': '0', 'Doubles': '0', 'Triples': '0', 'id': '33259', 'Sac Hits': '0', 'Sac Flies': '0', 'Hit by Pitch': '0', 'Bases on Defensive Interference': '0', 'Total Bases': '2', 'Singles': '2'}, {'name': 'J. Lowe', 'Team': 'Tampa Bay Rays', 'AB': '4', 'Runs': '0', 'Hits': '2', 'RBIs': '3', 'Home Runs': '0', 'Walks': '1', 'Strikeouts': '0', 'AVG': '.271', 'OBP': '.315', 'SLG': '.478', 'Hits+Runs+RBIS': '5', 'Stolen Bases': '0', 'Doubles': '1', 'Triples': '0', 'id': '40557', 'Sac Hits': '0', 'Sac Flies': '0', 'Hit by Pitch': '0', 'Bases on Defensive Interference': '0', 'Total Bases': '3', 'Singles': '1'}, {'name': 'J. Siri', 'Team': 'Tampa Bay Rays', 'AB': '4', 'Runs': '1', 'Hits': '1', 'RBIs': '0', 'Home Runs': '0', 'Walks': '0', 'Strikeouts': '1', 'AVG': '.226', 'OBP': '.269', 'SLG': '.523', 'Hits+Runs+RBIS': '2', 'Stolen Bases': '0', 'Doubles': '1', 'Triples': '0', 'id': '33954', 'Sac Hits': '0', 'Sac Flies': '0', 'Hit by Pitch': '0', 'Bases on Defensive Interference': '0', 'Total Bases': '2', 'Singles': '0'}, {'name': 'R. Pinto', 'Team': 'Tampa Bay Rays', 'AB': '4', 'Runs': '1', 'Hits': '0', 'RBIs': '0', 'Home Runs': '0', 'Walks': '0', 'Strikeouts': '1', 'AVG': '.111', 'OBP': '.111', 'SLG': '.111', 'Hits+Runs+RBIS': '1', 'Stolen Bases': '0', 'Doubles': '0', 'Triples': '0', 'id': '37637', 'Sac Hits': '0', 'Sac Flies': '0', 'Hit by Pitch': '0', 'Bases on Defensive Interference': '0', 'Total Bases': '0', 'Singles': '0'}], 'awayPitchers': [{'name': 'Z. Littell', 'Team': 'Tampa Bay Rays', 'Pitching Outs': 15, 'Hits Allowed': '8', 'Total Runs Allowed': '2', 'Runs Allowed': '2', 'Walks Allowed': '0', 'Strikeouts': '4', 'HR': '0', 'PC-ST': '82-58', 'ERA': '4.85', 'Extra': 'W, 1-2', 'Stolen Bases': '0', 'Doubles': '0', 'Triples': '0', 'Home Runs': '0', 'id': '36052', 'Sac Hits': '0', 'Sac Flies': '0', 'Hit by Pitch': '0', 'Bases on Defensive Interference': '0'}, {'name': 'E. Ramirez', 'Team': 'Tampa Bay Rays', 'Pitching Outs': 9, 'Hits Allowed': '2', 'Total Runs Allowed': '0', 'Runs Allowed': '0', 'Walks Allowed': '0', 'Strikeouts': '2', 'HR': '0', 'PC-ST': '48-34', 'ERA': '5.70', 'Extra': 'H, 3', 'Stolen Bases': '0', 'Doubles': '0', 'Triples': '0', 'Home Runs': '0', 'id': '31983', 'Sac Hits': '0', 'Sac Flies': '0', 'Hit by Pitch': '0', 'Bases on Defensive Interference': '0'}, {'name': 'J. Adam', 'Team': 'Tampa Bay Rays', 'Pitching Outs': 3, 'Hits Allowed': '0', 'Total Runs Allowed': '0', 'Runs Allowed': '0', 'Walks Allowed': '0', 'Strikeouts': '1', 'HR': '0', 'PC-ST': '10-7', 'ERA': '2.51', 'Stolen Bases': '0', 'Doubles': '1', 'Triples': '0', 'Home Runs': '0', 'id': '32145', 'Sac Hits': '0', 'Sac Flies': '0', 'Hit by Pitch': '0', 'Bases on Defensive Interference': '0'}], 'players': [{'name': 'Y. Diaz', 'Team': 'Tampa Bay Rays', 'AB': '3', 'Runs': '1', 'Hits': '2', 'RBIs': '1', 'Home Runs': '0', 'Walks': '2', 'Strikeouts': '0', 'AVG': '.315', 'OBP': '.401', 'SLG': '.503', 'Hits+Runs+RBIS': '4', 'Stolen Bases': '0', 'Doubles': '1', 'Triples': '0', 'id': '33481', 'Sac Hits': '0', 'Sac Flies': '0', 'Hit by Pitch': '0', 'Bases on Defensive Interference': '0', 'Total Bases': '3', 'Singles': '1'}, {'name': 'W. Franco', 'Team': 'Tampa Bay Rays', 'AB': '4', 'Runs': '2', 'Hits': '1', 'RBIs': '0', 'Home Runs': '0', 'Walks': '1', 'Strikeouts': '0', 'AVG': '.267', 'OBP': '.333', 'SLG': '.441', 'Hits+Runs+RBIS': '3', 'Stolen Bases': '0', 'Doubles': '0', 'Triples': '0', 'id': '40929', 'Sac Hits': '0', 'Sac Flies': '0', 'Hit by Pitch': '0', 'Bases on Defensive Interference': '0', 'Total Bases': '1', 'Singles': '1'}, {'name': 'B. Lowe', 'Team': 'Tampa Bay Rays', 'AB': '5', 'Runs': '2', 'Hits': '3', 'RBIs': '3', 'Home Runs': '1', 'Walks': '0', 'Strikeouts': '2', 'AVG': '.226', 'OBP': '.321', 'SLG': '.439', 'Hits+Runs+RBIS': '8', 'Stolen Bases': '0', 'Doubles': '0', 'Triples': '0', 'id': '39961', 'Sac Hits': '0', 'Sac Flies': '0', 'Hit by Pitch': '0', 'Bases on Defensive Interference': '0', 'Total Bases': '6', 'Singles': '2'}, {'name': 'I. Paredes', 'Team': 'Tampa Bay Rays', 'AB': '4', 'Runs': '0', 'Hits': '0', 'RBIs': '0', 'Home Runs': '0', 'Walks': '1', 'Strikeouts': '2', 'AVG': '.254', 'OBP': '.359', 'SLG': '.502', 'Hits+Runs+RBIS': '0', 'Stolen Bases': '0', 'Doubles': '0', 'Triples': '0', 'id': '39706', 'Sac Hits': '0', 'Sac Flies': '0', 'Hit by Pitch': '0', 'Bases on Defensive Interference': '0', 'Total Bases': '0', 'Singles': '0'}, {'name': 'L. Raley', 'Team': 'Tampa Bay Rays', 'AB': '5', 'Runs': '1', 'Hits': '1', 'RBIs': '1', 'Home Runs': '0', 'Walks': '0', 'Strikeouts': '1', 'AVG': '.268', 'OBP': '.355', 'SLG': '.531', 'Hits+Runs+RBIS': '3', 'Stolen Bases': '0', 'Doubles': '0', 'Triples': '0', 'id': '40422', 'Sac Hits': '0', 'Sac Flies': '0', 'Hit by Pitch': '0', 'Bases on Defensive Interference': '0', 'Total Bases': '1', 'Singles': '1'}, {'name': 'H. Ramirez', 'Team': 'Tampa Bay Rays', 'AB': '5', 'Runs': '0', 'Hits': '2', 'RBIs': '0', 'Home Runs': '0', 'Walks': '0', 'Strikeouts': '1', 'AVG': '.284', 'OBP': '.333', 'SLG': '.437', 'Hits+Runs+RBIS': '2', 'Stolen Bases': '0', 'Doubles': '0', 'Triples': '0', 'id': '33259', 'Sac Hits': '0', 'Sac Flies': '0', 'Hit by Pitch': '0', 'Bases on Defensive Interference': '0', 'Total Bases': '2', 'Singles': '2'}, {'name': 'J. Lowe', 'Team': 'Tampa Bay Rays', 'AB': '4', 'Runs': '0', 'Hits': '2', 'RBIs': '3', 'Home Runs': '0', 'Walks': '1', 'Strikeouts': '0', 'AVG': '.271', 'OBP': '.315', 'SLG': '.478', 'Hits+Runs+RBIS': '5', 'Stolen Bases': '0', 'Doubles': '1', 'Triples': '0', 'id': '40557', 'Sac Hits': '0', 'Sac Flies': '0', 'Hit by Pitch': '0', 'Bases on Defensive Interference': '0', 'Total Bases': '3', 'Singles': '1'}, {'name': 'J. Siri', 'Team': 'Tampa Bay Rays', 'AB': '4', 'Runs': '1', 'Hits': '1', 'RBIs': '0', 'Home Runs': '0', 'Walks': '0', 'Strikeouts': '1', 'AVG': '.226', 'OBP': '.269', 'SLG': '.523', 'Hits+Runs+RBIS': '2', 'Stolen Bases': '0', 'Doubles': '1', 'Triples': '0', 'id': '33954', 'Sac Hits': '0', 'Sac Flies': '0', 'Hit by Pitch': '0', 'Bases on Defensive Interference': '0', 'Total Bases': '2', 'Singles': '0'}, {'name': 'R. Pinto', 'Team': 'Tampa Bay Rays', 'AB': '4', 'Runs': '1', 'Hits': '0', 'RBIs': '0', 'Home Runs': '0', 'Walks': '0', 'Strikeouts': '1', 'AVG': '.111', 'OBP': '.111', 'SLG': '.111', 'Hits+Runs+RBIS': '1', 'Stolen Bases': '0', 'Doubles': '0', 'Triples': '0', 'id': '37637', 'Sac Hits': '0', 'Sac Flies': '0', 'Hit by Pitch': '0', 'Bases on Defensive Interference': '0', 'Total Bases': '0', 'Singles': '0'}, {'name': 'Z. Littell', 'Team': 'Tampa Bay Rays', 'Pitching Outs': 15, 'Hits Allowed': '8', 'Total Runs Allowed': '2', 'Runs Allowed': '2', 'Walks Allowed': '0', 'Strikeouts': '4', 'HR': '0', 'PC-ST': '82-58', 'ERA': '4.85', 'Extra': 'W, 1-2', 'Stolen Bases': '0', 'Doubles': '0', 'Triples': '0', 'Home Runs': '0', 'id': '36052', 'Sac Hits': '0', 'Sac Flies': '0', 'Hit by Pitch': '0', 'Bases on Defensive Interference': '0'}, {'name': 'E. Ramirez', 'Team': 'Tampa Bay Rays', 'Pitching Outs': 9, 'Hits Allowed': '2', 'Total Runs Allowed': '0', 'Runs Allowed': '0', 'Walks Allowed': '0', 'Strikeouts': '2', 'HR': '0', 'PC-ST': '48-34', 'ERA': '5.70', 'Extra': 'H, 3', 'Stolen Bases': '0', 'Doubles': '0', 'Triples': '0', 'Home Runs': '0', 'id': '31983', 'Sac Hits': '0', 'Sac Flies': '0', 'Hit by Pitch': '0', 'Bases on Defensive Interference': '0'}, {'name': 'J. Adam', 'Team': 'Tampa Bay Rays', 'Pitching Outs': 3, 'Hits Allowed': '0', 'Total Runs Allowed': '0', 'Runs Allowed': '0', 'Walks Allowed': '0', 'Strikeouts': '1', 'HR': '0', 'PC-ST': '10-7', 'ERA': '2.51', 'Stolen Bases': '0', 'Doubles': '1', 'Triples': '0', 'Home Runs': '0', 'id': '32145', 'Sac Hits': '0', 'Sac Flies': '0', 'Hit by Pitch': '0', 'Bases on Defensive Interference': '0'}]}","{'Away': ['4', '0', '0', '2', '0', '2', '0', '0', '0', '8', 12, 1], 'Home': ['0', '0', '0', '0', '2', '0', '0', '0', '0', '2', 10, 1], 'Labels': [1, 2, 3, 4, 5, 6, 7, 8, 9, 'Runs', 'Home Runs', 'Errors']}",False,mlb,20230730
Chicago Cubs@St. Louis Cardinals,"{'homeShort': 'STL', 'homeTeam': 'St. Louis Cardinals', 'homeHitters': [{'name': 'L. Nootbaar', 'Team': 'St. Louis Cardinals', 'AB': '4', 'Runs': '1', 'Hits': '1', 'RBIs': '0', 'Home Runs': '0', 'Walks': '0', 'Strikeouts': '1', 'AVG': '.273', 'OBP': '.377', 'SLG': '.429', 'Hits+Runs+RBIS': '2', 'Stolen Bases': '0', 'Doubles': '0', 'Triples': '0', 'id': '4448736', 'Sac Hits': '0', 'Sac Flies': '0', 'Hit by Pitch': '0', 'Bases on Defensive Interference': '0', 'Total Bases': '1', 'Singles': '1'}, {'name': 'P. Goldschmidt', 'Team': 'St. Louis Cardinals', 'AB': '4', 'Runs': '0', 'Hits': '1', 'RBIs': '1', 'Home Runs': '0', 'Walks': '0', 'Strikeouts': '0', 'AVG': '.280', 'OBP': '.369', 'SLG': '.467', 'Hits+Runs+RBIS': '2', 'Stolen Bases': '0', 'Doubles': '0', 'Triples': '0', 'id': '31027', 'Sac Hits': '0', 'Sac Flies': '0', 'Hit by Pitch': '0', 'Bases on Defensive Interference': '0', 'Total Bases': '1', 'Singles': '1'}, {'name': 'N. Arenado', 'Team': 'St. Louis Cardinals', 'AB': '4', 'Runs': '0', 'Hits': '0', 'RBIs': '0', 'Home Runs': '0', 'Walks': '0', 'Strikeouts': '1', 'AVG': '.279', 'OBP': '.328', 'SLG': '.508', 'Hits+Runs+RBIS': '0', 'Stolen Bases': '0', 'Doubles': '0', 'Triples': '0', 'id': '31261', 'Sac Hits': '0', 'Sac Flies': '0', 'Hit by Pitch': '0', 'Bases on Defensive Interference': '0', 'Total Bases': '0', 'Singles': '0'}, {'name': ""T. O'Neill"", 'Team': 'St. Louis Cardinals', 'AB': '3', 'Runs': '0', 'Hits': '1', 'RBIs': '1', 'Home Runs': '0', 'Walks': '1', 'Strikeouts': '0', 'AVG': '.254', 'OBP': '.329', 'SLG': '.365', 'Hits+Runs+RBIS': '2', 'Stolen Bases': '0', 'Doubles': '0', 'Triples': '0', 'id': '34168', 'Sac Hits': '0', 'Sac Flies': '0', 'Hit by Pitch': '0', 'Bases on Defensive Interference': '0', 'Total Bases': '1', 'Singles': '1'}, {'name': 'A. Burleson', 'Team': 'St. Louis Cardinals', 'AB': '3', 'Runs': '0', 'Hits': '1', 'RBIs': '0', 'Home Runs': '0', 'Walks': '1', 'Strikeouts': '0', 'AVG': '.239', 'OBP': '.291', 'SLG': '.394', 'Hits+Runs+RBIS': '1', 'Stolen Bases': '0', 'Doubles': '1', 'Triples': '0', 'id': '4345070', 'Sac Hits': '0', 'Sac Flies': '0', 'Hit by Pitch': '0', 'Bases on Defensive Interference': '0', 'Total Bases': '2', 'Singles': '0'}, {'name': 'J. Walker', 'Team': 'St. Louis Cardinals', 'AB': '3', 'Runs': '1', 'Hits': '1', 'RBIs': '0', 'Home Runs': '0', 'Walks': '0', 'Strikeouts': '0', 'AVG': '.268', 'OBP': '.331', 'SLG': '.426', 'Hits+Runs+RBIS': '2', 'Stolen Bases': '1', 'Doubles': '0', 'Triples': '0', 'id': '4684778', 'Sac Hits': '0', 'Sac Flies': '0', 'Hit by Pitch': '0', 'Bases on Defensive Interference': '0', 'Total Bases': '1', 'Singles': '1'}, {'name': 'D. Carlson', 'Team': 'St. Louis Cardinals', 'AB': '0', 'Runs': '0', 'Hits': '0', 'RBIs': '0', 'Home Runs': '0', 'Walks': '0', 'Strikeouts': '0', 'AVG': '.230', 'OBP': '.328', 'SLG': '.345', 'Hits+Runs+RBIS': '0', 'Stolen Bases': '0', 'Doubles': '0', 'Triples': '0', 'id': '39226', 'Sac Hits': '0', 'Sac Flies': '0', 'Hit by Pitch': '0', 'Bases on Defensive Interference': '0', 'Total Bases': '0', 'Singles': '0'}, {'name': 'T. Motter', 'Team': 'St. Louis Cardinals', 'AB': '3', 'Runs': '1', 'Hits': '1', 'RBIs': '0', 'Home Runs': '0', 'Walks': '0', 'Strikeouts': '0', 'AVG': '.158', 'OBP': '.238', 'SLG': '.211', 'Hits+Runs+RBIS': '2', 'Stolen Bases': '0', 'Doubles': '0', 'Triples': '0', 'id': '32715', 'Sac Hits': '0', 'Sac Flies': '0', 'Hit by Pitch': '0', 'Bases on Defensive Interference': '0', 'Total Bases': '1', 'Singles': '1'}, {'name': 'A. Knizner', 'Team': 'St. Louis Cardinals', 'AB': '3', 'Runs': '0', 'Hits': '2', 'RBIs': '1', 'Home Runs': '0', 'Walks': '0', 'Strikeouts': '0', 'AVG': '.246', 'OBP': '.268', 'SLG': '.470', 'Hits+Runs+RBIS': '3', 'Stolen Bases': '0', 'Doubles': '0', 'Triples': '0', 'id': '36170', 'Sac Hits': '0', 'Sac Flies': '0', 'Hit by Pitch': '0', 'Bases on Defensive Interference': '0', 'Total Bases': '2', 'Singles': '2'}, {'name': 'P. DeJong', 'Team': 'St. Louis Cardinals', 'AB': '3', 'Runs': '0', 'Hits': '0', 'RBIs': '0', 'Home Runs': '0', 'Walks': '0', 'Strikeouts': '0', 'AVG': '.233', 'OBP': '.297', 'SLG': '.412', 'Hits+Runs+RBIS': '0', 'Stolen Bases': '0', 'Doubles': '0', 'Triples': '0', 'id': '35185', 'Sac Hits': '0', 'Sac Flies': '0', 'Hit by Pitch': '0', 'Bases on Defensive Interference': '0', 'Total Bases': '0', 'Singles': '0'}], 'homePitchers': [{'name': 'S. Matz', 'Team': 'St. Louis Cardinals', 'Pitching Outs': 18, 'Hits Allowed': '4', 'Total Runs Allowed': '0', 'Runs Allowed': '0', 'Walks Allowed': '0', 'Strikeouts': '2', 'HR': '0', 'PC-ST': '99-69', 'ERA': '4.06', 'Extra': 'W, 2-7', 'Stolen Bases': '0', 'Doubles': '0', 'Triples': '0', 'Home Runs': '0', 'id': '33106', 'Sac Hits': '0', 'Sac Flies': '0', 'Hit by Pitch': '0', 'Bases on Defensive Interference': '0'}, {'name': 'G. Gallegos', 'Team': 'St. Louis Cardinals', 'Pitching Outs': 6, 'Hits Allowed': '0', 'Total Runs Allowed': '0', 'Runs Allowed': '0', 'Walks Allowed': '0', 'Strikeouts': '2', 'HR': '0', 'PC-ST': '24-15', 'ERA': '3.60', 'Extra': 'H, 15', 'Stolen Bases': '0', 'Doubles': '0', 'Triples': '0', 'Home Runs': '0', 'id': '36050', 'Sac Hits': '0', 'Sac Flies': '0', 'Hit by Pitch': '0', 'Bases on Defensive Interference': '0'}, {'name': 'J. Romero', 'Team': 'St. Louis Cardinals', 'Pitching Outs': 3, 'Hits Allowed': '1', 'Total Runs Allowed': '0', 'Runs Allowed': '0', 'Walks Allowed': '0', 'Strikeouts': '2', 'HR': '0', 'PC-ST': '20-13', 'ERA': '3.92', 'Extra': 'S, 1', 'Stolen Bases': '0', 'Doubles': '0', 'Triples': '0', 'Home Runs': '0', 'id': '40456', 'Sac Hits': '0', 'Sac Flies': '0', 'Hit by Pitch': '0', 'Bases on Defensive Interference': '0'}], 'players': [{'name': 'L. Nootbaar', 'Team': 'St. Louis Cardinals', 'AB': '4', 'Runs': '1', 'Hits': '1', 'RBIs': '0', 'Home Runs': '0', 'Walks': '0', 'Strikeouts': '1', 'AVG': '.273', 'OBP': '.377', 'SLG': '.429', 'Hits+Runs+RBIS': '2', 'Stolen Bases': '0', 'Doubles': '0', 'Triples': '0', 'id': '4448736', 'Sac Hits': '0', 'Sac Flies': '0', 'Hit by Pitch': '0', 'Bases on Defensive Interference': '0', 'Total Bases': '1', 'Singles': '1'}, {'name': 'P. Goldschmidt', 'Team': 'St. Louis Cardinals', 'AB': '4', 'Runs': '0', 'Hits': '1', 'RBIs': '1', 'Home Runs': '0', 'Walks': '0', 'Strikeouts': '0', 'AVG': '.280', 'OBP': '.369', 'SLG': '.467', 'Hits+Runs+RBIS': '2', 'Stolen Bases': '0', 'Doubles': '0', 'Triples': '0', 'id': '31027', 'Sac Hits': '0', 'Sac Flies': '0', 'Hit by Pitch': '0', 'Bases on Defensive Interference': '0', 'Total Bases': '1', 'Singles': '1'}, {'name': 'N. Arenado', 'Team': 'St. Louis Cardinals', 'AB': '4', 'Runs': '0', 'Hits': '0', 'RBIs': '0', 'Home Runs': '0', 'Walks': '0', 'Strikeouts': '1', 'AVG': '.279', 'OBP': '.328', 'SLG': '.508', 'Hits+Runs+RBIS': '0', 'Stolen Bases': '0', 'Doubles': '0', 'Triples': '0', 'id': '31261', 'Sac Hits': '0', 'Sac Flies': '0', 'Hit by Pitch': '0', 'Bases on Defensive Interference': '0', 'Total Bases': '0', 'Singles': '0'}, {'name': ""T. O'Neill"", 'Team': 'St. Louis Cardinals', 'AB': '3', 'Runs': '0', 'Hits': '1', 'RBIs': '1', 'Home Runs': '0', 'Walks': '1', 'Strikeouts': '0', 'AVG': '.254', 'OBP': '.329', 'SLG': '.365', 'Hits+Runs+RBIS': '2', 'Stolen Bases': '0', 'Doubles': '0', 'Triples': '0', 'id': '34168', 'Sac Hits': '0', 'Sac Flies': '0', 'Hit by Pitch': '0', 'Bases on Defensive Interference': '0', 'Total Bases': '1', 'Singles': '1'}, {'name': 'A. Burleson', 'Team': 'St. Louis Cardinals', 'AB': '3', 'Runs': '0', 'Hits': '1', 'RBIs': '0', 'Home Runs': '0', 'Walks': '1', 'Strikeouts': '0', 'AVG': '.239', 'OBP': '.291', 'SLG': '.394', 'Hits+Runs+RBIS': '1', 'Stolen Bases': '0', 'Doubles': '1', 'Triples': '0', 'id': '4345070', 'Sac Hits': '0', 'Sac Flies': '0', 'Hit by Pitch': '0', 'Bases on Defensive Interference': '0', 'Total Bases': '2', 'Singles': '0'}, {'name': 'J. Walker', 'Team': 'St. Louis Cardinals', 'AB': '3', 'Runs': '1', 'Hits': '1', 'RBIs': '0', 'Home Runs': '0', 'Walks': '0', 'Strikeouts': '0', 'AVG': '.268', 'OBP': '.331', 'SLG': '.426', 'Hits+Runs+RBIS': '2', 'Stolen Bases': '1', 'Doubles': '0', 'Triples': '0', 'id': '4684778', 'Sac Hits': '0', 'Sac Flies': '0', 'Hit by Pitch': '0', 'Bases on Defensive Interference': '0', 'Total Bases': '1', 'Singles': '1'}, {'name': 'D. Carlson', 'Team': 'St. Louis Cardinals', 'AB': '0', 'Runs': '0', 'Hits': '0', 'RBIs': '0', 'Home Runs': '0', 'Walks': '0', 'Strikeouts': '0', 'AVG': '.230', 'OBP': '.328', 'SLG': '.345', 'Hits+Runs+RBIS': '0', 'Stolen Bases': '0', 'Doubles': '0', 'Triples': '0', 'id': '39226', 'Sac Hits': '0', 'Sac Flies': '0', 'Hit by Pitch': '0', 'Bases on Defensive Interference': '0', 'Total Bases': '0', 'Singles': '0'}, {'name': 'T. Motter', 'Team': 'St. Louis Cardinals', 'AB': '3', 'Runs': '1', 'Hits': '1', 'RBIs': '0', 'Home Runs': '0', 'Walks': '0', 'Strikeouts': '0', 'AVG': '.158', 'OBP': '.238', 'SLG': '.211', 'Hits+Runs+RBIS': '2', 'Stolen Bases': '0', 'Doubles': '0', 'Triples': '0', 'id': '32715', 'Sac Hits': '0', 'Sac Flies': '0', 'Hit by Pitch': '0', 'Bases on Defensive Interference': '0', 'Total Bases': '1', 'Singles': '1'}, {'name': 'A. Knizner', 'Team': 'St. Louis Cardinals', 'AB': '3', 'Runs': '0', 'Hits': '2', 'RBIs': '1', 'Home Runs': '0', 'Walks': '0', 'Strikeouts': '0', 'AVG': '.246', 'OBP': '.268', 'SLG': '.470', 'Hits+Runs+RBIS': '3', 'Stolen Bases': '0', 'Doubles': '0', 'Triples': '0', 'id': '36170', 'Sac Hits': '0', 'Sac Flies': '0', 'Hit by Pitch': '0', 'Bases on Defensive Interference': '0', 'Total Bases': '2', 'Singles': '2'}, {'name': 'P. DeJong', 'Team': 'St. Louis Cardinals', 'AB': '3', 'Runs': '0', 'Hits': '0', 'RBIs': '0', 'Home Runs': '0', 'Walks': '0', 'Strikeouts': '0', 'AVG': '.233', 'OBP': '.297', 'SLG': '.412', 'Hits+Runs+RBIS': '0', 'Stolen Bases': '0', 'Doubles': '0', 'Triples': '0', 'id': '35185', 'Sac Hits': '0', 'Sac Flies': '0', 'Hit by Pitch': '0', 'Bases on Defensive Interference': '0', 'Total Bases': '0', 'Singles': '0'}, {'name': 'S. Matz', 'Team': 'St. Louis Cardinals', 'Pitching Outs': 18, 'Hits Allowed': '4', 'Total Runs Allowed': '0', 'Runs Allowed': '0', 'Walks Allowed': '0', 'Strikeouts': '2', 'HR': '0', 'PC-ST': '99-69', 'ERA': '4.06', 'Extra': 'W, 2-7', 'Stolen Bases': '0', 'Doubles': '0', 'Triples': '0', 'Home Runs': '0', 'id': '33106', 'Sac Hits': '0', 'Sac Flies': '0', 'Hit by Pitch': '0', 'Bases on Defensive Interference': '0'}, {'name': 'G. Gallegos', 'Team': 'St. Louis Cardinals', 'Pitching Outs': 6, 'Hits Allowed': '0', 'Total Runs Allowed': '0', 'Runs Allowed': '0', 'Walks Allowed': '0', 'Strikeouts': '2', 'HR': '0', 'PC-ST': '24-15', 'ERA': '3.60', 'Extra': 'H, 15', 'Stolen Bases': '0', 'Doubles': '0', 'Triples': '0', 'Home Runs': '0', 'id': '36050', 'Sac Hits': '0', 'Sac Flies': '0', 'Hit by Pitch': '0', 'Bases on Defensive Interference': '0'}, {'name': 'J. Romero', 'Team': 'St. Louis Cardinals', 'Pitching Outs': 3, 'Hits Allowed': '1', 'Total Runs Allowed': '0', 'Runs Allowed': '0', 'Walks Allowed': '0', 'Strikeouts': '2', 'HR': '0', 'PC-ST': '20-13', 'ERA': '3.92', 'Extra': 'S, 1', 'Stolen Bases': '0', 'Doubles': '0', 'Triples': '0', 'Home Runs': '0', 'id': '40456', 'Sac Hits': '0', 'Sac Flies': '0', 'Hit by Pitch': '0', 'Bases on Defensive Interference': '0'}]}","{'awayShort': 'CHC', 'awayTeam': 'Chicago Cubs', 'awayHitters': [{'name': 'N. Hoerner', 'Team': 'Chicago Cubs', 'AB': '4', 'Runs': '0', 'Hits': '0', 'RBIs': '0', 'Home Runs': '0', 'Walks': '0', 'Strikeouts': '0', 'AVG': '.273', 'OBP': '.327', 'SLG': '.388', 'Hits+Runs+RBIS': '0', 'Stolen Bases': '0', 'Doubles': '0', 'Triples': '0', 'id': '41219', 'Sac Hits': '0', 'Sac Flies': '0', 'Hit by Pitch': '0', 'Bases on Defensive Interference': '0', 'Total Bases': '0', 'Singles': '0'}, {'name': 'S. Suzuki', 'Team': 'Chicago Cubs', 'AB': '4', 'Runs': '0', 'Hits': '0', 'RBIs': '0', 'Home Runs': '0', 'Walks': '0', 'Strikeouts': '1', 'AVG': '.252', 'OBP': '.334', 'SLG': '.388', 'Hits+Runs+RBIS': '0', 'Stolen Bases': '0', 'Doubles': '0', 'Triples': '0', 'id': '4142424', 'Sac Hits': '0', 'Sac Flies': '0', 'Hit by Pitch': '0', 'Bases on Defensive Interference': '0', 'Total Bases': '0', 'Singles': '0'}, {'name': 'C. Bellinger', 'Team': 'Chicago Cubs', 'AB': '4', 'Runs': '0', 'Hits': '1', 'RBIs': '0', 'Home Runs': '0', 'Walks': '0', 'Strikeouts': '0', 'AVG': '.314', 'OBP': '.366', 'SLG': '.536', 'Hits+Runs+RBIS': '1', 'Stolen Bases': '0', 'Doubles': '0', 'Triples': '0', 'id': '33912', 'Sac Hits': '0', 'Sac Flies': '0', 'Hit by Pitch': '0', 'Bases on Defensive Interference': '0', 'Total Bases': '1', 'Singles': '1'}, {'name': 'Y. Gomes', 'Team': 'Chicago Cubs', 'AB': '4', 'Runs': '0', 'Hits': '2', 'RBIs': '0', 'Home Runs': '0', 'Walks': '0', 'Strikeouts': '0', 'AVG': '.278', 'OBP': '.320', 'SLG': '.449', 'Hits+Runs+RBIS': '2', 'Stolen Bases': '0', 'Doubles': '1', 'Triples': '0', 'id': '32108', 'Sac Hits': '0', 'Sac Flies': '0', 'Hit by Pitch': '0', 'Bases on Defensive Interference': '0', 'Total Bases': '3', 'Singles': '1'}, {'name': 'D. Swanson', 'Team': 'Chicago Cubs', 'AB': '4', 'Runs': '0', 'Hits': '0', 'RBIs': '0', 'Home Runs': '0', 'Walks': '0', 'Strikeouts': '3', 'AVG': '.263', 'OBP': '.347', 'SLG': '.421', 'Hits+Runs+RBIS': '0', 'Stolen Bases': '0', 'Doubles': '0', 'Triples': '0', 'id': '34895', 'Sac Hits': '0', 'Sac Flies': '0', 'Hit by Pitch': '0', 'Bases on Defensive Interference': '0', 'Total Bases': '0', 'Singles': '0'}, {'name': 'C. Morel', 'Team': 'Chicago Cubs', 'AB': '3', 'Runs': '0', 'Hits': '1', 'RBIs': '0', 'Home Runs': '0', 'Walks': '0', 'Strikeouts': '2', 'AVG': '.282', 'OBP': '.345', 'SLG': '.542', 'Hits+Runs+RBIS': '1', 'Stolen Bases': '0', 'Doubles': '0', 'Triples': '0', 'id': '42927', 'Sac Hits': '0', 'Sac Flies': '0', 'Hit by Pitch': '0', 'Bases on Defensive Interference': '0', 'Total Bases': '1', 'Singles': '1'}, {'name': 'T. Mancini', 'Team': 'Chicago Cubs', 'AB': '2', 'Runs': '0', 'Hits': '0', 'RBIs': '0', 'Home Runs': '0', 'Walks': '0', 'Strikeouts': '0', 'AVG': '.235', 'OBP': '.297', 'SLG': '.338', 'Hits+Runs+RBIS': '0', 'Stolen Bases': '0', 'Doubles': '0', 'Triples': '0', 'id': '33351', 'Sac Hits': '0', 'Sac Flies': '0', 'Hit by Pitch': '0', 'Bases on Defensive Interference': '0', 'Total Bases': '0', 'Singles': '0'}, {'name': 'M. Tauchman', 'Team': 'Chicago Cubs', 'AB': '1', 'Runs': '0', 'Hits': '0', 'RBIs': '0', 'Home Runs': '0', 'Walks': '0', 'Strikeouts': '0', 'AVG': '.269', 'OBP': '.364', 'SLG': '.403', 'Hits+Runs+RBIS': '0', 'Stolen Bases': '0', 'Doubles': '0', 'Triples': '0', 'id': '33956', 'Sac Hits': '0', 'Sac Flies': '0', 'Hit by Pitch': '0', 'Bases on Defensive Interference': '0', 'Total Bases': '0', 'Singles': '0'}, {'name': 'M. Amaya', 'Team': 'Chicago Cubs', 'AB': '3', 'Runs': '0', 'Hits': '1', 'RBIs': '0', 'Home Runs': '0', 'Walks': '0', 'Strikeouts': '0', 'AVG': '.253', 'OBP': '.370', 'SLG': '.373', 'Hits+Runs+RBIS': '1', 'Stolen Bases': '0', 'Doubles': '0', 'Triples': '0', 'id': '38905', 'Sac Hits': '0', 'Sac Flies': '0', 'Hit by Pitch': '0', 'Bases on Defensive Interference': '0', 'Total Bases': '1', 'Singles': '1'}, {'name': 'N. Madrigal', 'Team': 'Chicago Cubs', 'AB': '3', 'Runs': '0', 'Hits': '0', 'RBIs': '0', 'Home Runs': '0', 'Walks': '0', 'Strikeouts': '0', 'AVG': '.278', 'OBP': '.333', 'SLG': '.367', 'Hits+Runs+RBIS': '0', 'Stolen Bases': '0', 'Doubles': '0', 'Triples': '0', 'id': '41170', 'Sac Hits': '0', 'Sac Flies': '0', 'Hit by Pitch': '0', 'Bases on Defensive Interference': '0', 'Total Bases': '0', 'Singles': '0'}], 'awayPitchers': [{'name': 'K. Hendricks', 'Team': 'Chicago Cubs', 'Pitching Outs': 21, 'Hits Allowed': '8', 'Total Runs Allowed': '3', 'Runs Allowed': '2', 'Walks Allowed': '1', 'Strikeouts': '2', 'HR': '0', 'PC-ST': '93-64', 'ERA': '3.38', 'Extra': 'L, 4-5', 'Stolen Bases': '0', 'Doubles': '0', 'Triples': '0', 'Home Runs': '0', 'id': '33173', 'Sac Hits': '0', 'Sac Flies': '0', 'Hit by Pitch': '0', 'Bases on Defensive Interference': '0'}, {'name': 'M. Fulmer', 'Team': 'Chicago Cubs', 'Pitching Outs': 3, 'Hits Allowed': '0', 'Total Runs Allowed': '0', 'Runs Allowed': '0', 'Walks Allowed': '1', 'Strikeouts': '0', 'HR': '0', 'PC-ST': '13-6', 'ERA': '4.21', 'Stolen Bases': '0', 'Doubles': '0', 'Triples': '0', 'Home Runs': '0', 'id': '34842', 'Sac Hits': '0', 'Sac Flies': '0', 'Hit by Pitch': '0', 'Bases on Defensive Interference': '0'}], 'players': [{'name': 'N. Hoerner', 'Team': 'Chicago Cubs', 'AB': '4', 'Runs': '0', 'Hits': '0', 'RBIs': '0', 'Home Runs': '0', 'Walks': '0', 'Strikeouts': '0', 'AVG': '.273', 'OBP': '.327', 'SLG': '.388', 'Hits+Runs+RBIS': '0', 'Stolen Bases': '0', 'Doubles': '0', 'Triples': '0', 'id': '41219', 'Sac Hits': '0', 'Sac Flies': '0', 'Hit by Pitch': '0', 'Bases on Defensive Interference': '0', 'Total Bases': '0', 'Singles': '0'}, {'name': 'S. Suzuki', 'Team': 'Chicago Cubs', 'AB': '4', 'Runs': '0', 'Hits': '0', 'RBIs': '0', 'Home Runs': '0', 'Walks': '0', 'Strikeouts': '1', 'AVG': '.252', 'OBP': '.334', 'SLG': '.388', 'Hits+Runs+RBIS': '0', 'Stolen Bases': '0', 'Doubles': '0', 'Triples': '0', 'id': '4142424', 'Sac Hits': '0', 'Sac Flies': '0', 'Hit by Pitch': '0', 'Bases on Defensive Interference': '0', 'Total Bases': '0', 'Singles': '0'}, {'name': 'C. Bellinger', 'Team': 'Chicago Cubs', 'AB': '4', 'Runs': '0', 'Hits': '1', 'RBIs': '0', 'Home Runs': '0', 'Walks': '0', 'Strikeouts': '0', 'AVG': '.314', 'OBP': '.366', 'SLG': '.536', 'Hits+Runs+RBIS': '1', 'Stolen Bases': '0', 'Doubles': '0', 'Triples': '0', 'id': '33912', 'Sac Hits': '0', 'Sac Flies': '0', 'Hit by Pitch': '0', 'Bases on Defensive Interference': '0', 'Total Bases': '1', 'Singles': '1'}, {'name': 'Y. Gomes', 'Team': 'Chicago Cubs', 'AB': '4', 'Runs': '0', 'Hits': '2', 'RBIs': '0', 'Home Runs': '0', 'Walks': '0', 'Strikeouts': '0', 'AVG': '.278', 'OBP': '.320', 'SLG': '.449', 'Hits+Runs+RBIS': '2', 'Stolen Bases': '0', 'Doubles': '1', 'Triples': '0', 'id': '32108', 'Sac Hits': '0', 'Sac Flies': '0', 'Hit by Pitch': '0', 'Bases on Defensive Interference': '0', 'Total Bases': '3', 'Singles': '1'}, {'name': 'D. Swanson', 'Team': 'Chicago Cubs', 'AB': '4', 'Runs': '0', 'Hits': '0', 'RBIs': '0', 'Home Runs': '0', 'Walks': '0', 'Strikeouts': '3', 'AVG': '.263', 'OBP': '.347', 'SLG': '.421', 'Hits+Runs+RBIS': '0', 'Stolen Bases': '0', 'Doubles': '0', 'Triples': '0', 'id': '34895', 'Sac Hits': '0', 'Sac Flies': '0', 'Hit by Pitch': '0', 'Bases on Defensive Interference': '0', 'Total Bases': '0', 'Singles': '0'}, {'name': 'C. Morel', 'Team': 'Chicago Cubs', 'AB': '3', 'Runs': '0', 'Hits': '1', 'RBIs': '0', 'Home Runs': '0', 'Walks': '0', 'Strikeouts': '2', 'AVG': '.282', 'OBP': '.345', 'SLG': '.542', 'Hits+Runs+RBIS': '1', 'Stolen Bases': '0', 'Doubles': '0', 'Triples': '0', 'id': '42927', 'Sac Hits': '0', 'Sac Flies': '0', 'Hit by Pitch': '0', 'Bases on Defensive Interference': '0', 'Total Bases': '1', 'Singles': '1'}, {'name': 'T. Mancini', 'Team': 'Chicago Cubs', 'AB': '2', 'Runs': '0', 'Hits': '0', 'RBIs': '0', 'Home Runs': '0', 'Walks': '0', 'Strikeouts': '0', 'AVG': '.235', 'OBP': '.297', 'SLG': '.338', 'Hits+Runs+RBIS': '0', 'Stolen Bases': '0', 'Doubles': '0', 'Triples': '0', 'id': '33351', 'Sac Hits': '0', 'Sac Flies': '0', 'Hit by Pitch': '0', 'Bases on Defensive Interference': '0', 'Total Bases': '0', 'Singles': '0'}, {'name': 'M. Tauchman', 'Team': 'Chicago Cubs', 'AB': '1', 'Runs': '0', 'Hits': '0', 'RBIs': '0', 'Home Runs': '0', 'Walks': '0', 'Strikeouts': '0', 'AVG': '.269', 'OBP': '.364', 'SLG': '.403', 'Hits+Runs+RBIS': '0', 'Stolen Bases': '0', 'Doubles': '0', 'Triples': '0', 'id': '33956', 'Sac Hits': '0', 'Sac Flies': '0', 'Hit by Pitch': '0', 'Bases on Defensive Interference': '0', 'Total Bases': '0', 'Singles': '0'}, {'name': 'M. Amaya', 'Team': 'Chicago Cubs', 'AB': '3', 'Runs': '0', 'Hits': '1', 'RBIs': '0', 'Home Runs': '0', 'Walks': '0', 'Strikeouts': '0', 'AVG': '.253', 'OBP': '.370', 'SLG': '.373', 'Hits+Runs+RBIS': '1', 'Stolen Bases': '0', 'Doubles': '0', 'Triples': '0', 'id': '38905', 'Sac Hits': '0', 'Sac Flies': '0', 'Hit by Pitch': '0', 'Bases on Defensive Interference': '0', 'Total Bases': '1', 'Singles': '1'}, {'name': 'N. Madrigal', 'Team': 'Chicago Cubs', 'AB': '3', 'Runs': '0', 'Hits': '0', 'RBIs': '0', 'Home Runs': '0', 'Walks': '0', 'Strikeouts': '0', 'AVG': '.278', 'OBP': '.333', 'SLG': '.367', 'Hits+Runs+RBIS': '0', 'Stolen Bases': '0', 'Doubles': '0', 'Triples': '0', 'id': '41170', 'Sac Hits': '0', 'Sac Flies': '0', 'Hit by Pitch': '0', 'Bases on Defensive Interference': '0', 'Total Bases': '0', 'Singles': '0'}, {'name': 'K. Hendricks', 'Team': 'Chicago Cubs', 'Pitching Outs': 21, 'Hits Allowed': '8', 'Total Runs Allowed': '3', 'Runs Allowed': '2', 'Walks Allowed': '1', 'Strikeouts': '2', 'HR': '0', 'PC-ST': '93-64', 'ERA': '3.38', 'Extra': 'L, 4-5', 'Stolen Bases': '0', 'Doubles': '0', 'Triples': '0', 'Home Runs': '0', 'id': '33173', 'Sac Hits': '0', 'Sac Flies': '0', 'Hit by Pitch': '0', 'Bases on Defensive Interference': '0'}, {'name': 'M. Fulmer', 'Team': 'Chicago Cubs', 'Pitching Outs': 3, 'Hits Allowed': '0', 'Total Runs Allowed': '0', 'Runs Allowed': '0', 'Walks Allowed': '1', 'Strikeouts': '0', 'HR': '0', 'PC-ST': '13-6', 'ERA': '4.21', 'Stolen Bases': '0', 'Doubles': '0', 'Triples': '0', 'Home Runs': '0', 'id': '34842', 'Sac Hits': '0', 'Sac Flies': '0', 'Hit by Pitch': '0', 'Bases on Defensive Interference': '0'}]}","{'Away': ['0', '0', '0', '0', '0', '0', '0', '0', '0', '0', 5, 1], 'Home': ['1', '2', '0', '0', '0', '0', '0', '0', '-', '3', 8, 0], 'Labels': [1, 2, 3, 4, 5, 6, 7, 8, 9, 'Runs', 'Home Runs', 'Errors']}",False,mlb,20230730
Oakland Athletics@Colorado Rockies,"{'homeShort': 'COL', 'homeTeam': 'Colorado Rockies', 'homeHitters': [{'name': 'E. Tovar', 'Team': 'Colorado Rockies', 'AB': '4', 'Runs': '1', 'Hits': '1', 'RBIs': '0', 'Home Runs': '0', 'Walks': '0', 'Strikeouts': '0', 'AVG': '.259', 'OBP': '.289', 'SLG': '.421', 'Hits+Runs+RBIS': '2', 'Stolen Bases': '0', 'Doubles': '1', 'Triples': '0', 'id': '4905919', 'Sac Hits': '0', 'Sac Flies': '0', 'Hit by Pitch': '0', 'Bases on Defensive Interference': '0', 'Total Bases': '2', 'Singles': '0'}, {'name': 'R. McMahon', 'Team': 'Colorado Rockies', 'AB': '4', 'Runs': '0', 'Hits': '2', 'RBIs': '2', 'Home Runs': '0', 'Walks': '0', 'Strikeouts': '0', 'AVG': '.257', 'OBP': '.338', 'SLG': '.461', 'Hits+Runs+RBIS': '4', 'Stolen Bases': '0', 'Doubles': '1', 'Triples': '0', 'id': '33247', 'Sac Hits': '0', 'Sac Flies': '0', 'Hit by Pitch': '0', 'Bases on Defensive Interference': '0', 'Total Bases': '3', 'Singles': '1'}, {'name': 'R. Grichuk', 'Team': 'Colorado Rockies', 'AB': '3', 'Runs': '0', 'Hits': '0', 'RBIs': '0', 'Home Runs': '0', 'Walks': '1', 'Strikeouts': '1', 'AVG': '.308', 'OBP': '.365', 'SLG': '.496', 'Hits+Runs+RBIS': '0', 'Stolen Bases': '0', 'Doubles': '0', 'Triples': '0', 'id': '31399', 'Sac Hits': '0', 'Sac Flies': '0', 'Hit by Pitch': '0', 'Bases on Defensive Interference': '0', 'Total Bases': '0', 'Singles': '0'}, {'name': 'C.J. Cron', 'Team': 'Colorado Rockies', 'AB': '3', 'Runs': '0', 'Hits': '1', 'RBIs': '0', 'Home Runs': '0', 'Walks': '1', 'Strikeouts': '1', 'AVG': '.260', 'OBP': '.304', 'SLG': '.476', 'Hits+Runs+RBIS': '1', 'Stolen Bases': '0', 'Doubles': '1', 'Triples': '0', 'id': '32155', 'Sac Hits': '0', 'Sac Flies': '0', 'Hit by Pitch': '0', 'Bases on Defensive Interference': '0', 'Total Bases': '2', 'Singles': '0'}, {'name': 'E. Montero', 'Team': 'Colorado Rockies', 'AB': '0', 'Runs': '0', 'Hits': '0', 'RBIs': '0', 'Home Runs': '0', 'Walks': '0', 'Strikeouts': '0', 'AVG': '.209', 'OBP': '.231', 'SLG': '.348', 'Hits+Runs+RBIS': '0', 'Stolen Bases': '0', 'Doubles': '0', 'Triples': '0', 'id': '41222', 'Sac Hits': '0', 'Sac Flies': '0', 'Hit by Pitch': '0', 'Bases on Defensive Interference': '0', 'Total Bases': '0', 'Singles': '0'}, {'name': 'N. Jones', 'Team': 'Colorado Rockies', 'AB': '4', 'Runs': '0', 'Hits': '2', 'RBIs': '0', 'Home Runs': '0', 'Walks': '0', 'Strikeouts': '0', 'AVG': '.273', 'OBP': '.351', 'SLG': '.485', 'Hits+Runs+RBIS': '2', 'Stolen Bases': '1', 'Doubles': '0', 'Triples': '0', 'id': '37340', 'Sac Hits': '0', 'Sac Flies': '0', 'Hit by Pitch': '0', 'Bases on Defensive Interference': '0', 'Total Bases': '2', 'Singles': '2'}, {'name': 'J. Profar', 'Team': 'Colorado Rockies', 'AB': '0', 'Runs': '0', 'Hits': '0', 'RBIs': '0', 'Home Runs': '0', 'Walks': '0', 'Strikeouts': '0', 'AVG': '.243', 'OBP': '.325', 'SLG': '.373', 'Hits+Runs+RBIS': '0', 'Stolen Bases': '0', 'Doubles': '0', 'Triples': '0', 'id': '31117', 'Sac Hits': '0', 'Sac Flies': '0', 'Hit by Pitch': '0', 'Bases on Defensive Interference': '0', 'Total Bases': '0', 'Singles': '0'}, {'name': 'M. Toglia', 'Team': 'Colorado Rockies', 'AB': '4', 'Runs': '0', 'Hits': '0', 'RBIs': '0', 'Home Runs': '0', 'Walks': '0', 'Strikeouts': '3', 'AVG': '.203', 'OBP': '.277', 'SLG': '.339', 'Hits+Runs+RBIS': '0', 'Stolen Bases': '0', 'Doubles': '0', 'Triples': '0', 'id': '42412', 'Sac Hits': '0', 'Sac Flies': '0', 'Hit by Pitch': '0', 'Bases on Defensive Interference': '0', 'Total Bases': '0', 'Singles': '0'}, {'name': 'H. Castro', 'Team': 'Colorado Rockies', 'AB': '2', 'Runs': '0', 'Hits': '0', 'RBIs': '0', 'Home Runs': '0', 'Walks': '0', 'Strikeouts': '2', 'AVG': '.270', 'OBP': '.287', 'SLG': '.340', 'Hits+Runs+RBIS': '0', 'Stolen Bases': '0', 'Doubles': '0', 'Triples': '0', 'id': '32521', 'Sac Hits': '0', 'Sac Flies': '0', 'Hit by Pitch': '0', 'Bases on Defensive Interference': '0', 'Total Bases': '0', 'Singles': '0'}, {'name': 'A. Trejo', 'Team': 'Colorado Rockies', 'AB': '1', 'Runs': '0', 'Hits': '0', 'RBIs': '0', 'Home Runs': '0', 'Walks': '0', 'Strikeouts': '1', 'AVG': '.248', 'OBP': '.282', 'SLG': '.340', 'Hits+Runs+RBIS': '0', 'Stolen Bases': '0', 'Doubles': '0', 'Triples': '0', 'id': '40572', 'Sac Hits': '0', 'Sac Flies': '0', 'Hit by Pitch': '0', 'Bases on Defensive Interference': '0', 'Total Bases': '0', 'Singles': '0'}, {'name': 'B. Doyle', 'Team': 'Colorado Rockies', 'AB': '3', 'Runs': '0', 'Hits': '0', 'RBIs': '0', 'Home Runs': '0', 'Walks': '0', 'Strikeouts': '1', 'AVG': '.198', 'OBP': '.258', 'SLG': '.335', 'Hits+Runs+RBIS': '0', 'Stolen Bases': '0', 'Doubles': '0', 'Triples': '0', 'id': '42462', 'Sac Hits': '0', 'Sac Flies': '0', 'Hit by Pitch': '0', 'Bases on Defensive Interference': '0', 'Total Bases': '0', 'Singles': '0'}, {'name': 'A. Wynns', 'Team': 'Colorado Rockies', 'AB': '2', 'Runs': '1', 'Hits': '0', 'RBIs': '0', 'Home Runs': '0', 'Walks': '0', 'Strikeouts': '0', 'AVG': '.209', 'OBP': '.270', 'SLG': '.299', 'Hits+Runs+RBIS': '1', 'Stolen Bases': '0', 'Doubles': '0', 'Triples': '0', 'id': '35314', 'Sac Hits': '0', 'Sac Flies': '0', 'Hit by Pitch': '1', 'Bases on Defensive Interference': '0', 'Total Bases': '0', 'Singles': '0'}], 'homePitchers': [{'name': 'T. Blach', 'Team': 'Colorado Rockies', 'Pitching Outs': 15, 'Hits Allowed': '3', 'Total Runs Allowed': '0', 'Runs Allowed': '0', 'Walks Allowed': '1', 'Strikeouts': '2', 'HR': '0', 'PC-ST': '52-41', 'ERA': '4.22', 'Extra': 'W, 1-0', 'Stolen Bases': '0', 'Doubles': '0', 'Triples': '0', 'Home Runs': '0', 'id': '33138', 'Sac Hits': '0', 'Sac Flies': '0', 'Hit by Pitch': '0', 'Bases on Defensive Interference': '0'}, {'name': 'M. Koch', 'Team': 'Colorado Rockies', 'Pitching Outs': 3, 'Hits Allowed': '0', 'Total Runs Allowed': '0', 'Runs Allowed': '0', 'Walks Allowed': '0', 'Strikeouts': '1', 'HR': '0', 'PC-ST': '12-9', 'ERA': '1.84', 'Extra': 'H, 1', 'Stolen Bases': '0', 'Doubles': '0', 'Triples': '0', 'Home Runs': '0', 'id': '34849', 'Sac Hits': '0', 'Sac Flies': '0', 'Hit by Pitch': '0', 'Bases on Defensive Interference': '0'}, {'name': 'B. Suter', 'Team': 'Colorado Rockies', 'Pitching Outs': 3, 'Hits Allowed': '2', 'Total Runs Allowed': '0', 'Runs Allowed': '0', 'Walks Allowed': '1', 'Strikeouts': '2', 'HR': '0', 'PC-ST': '27-17', 'ERA': '2.79', 'Extra': 'H, 4', 'Stolen Bases': '0', 'Doubles': '0', 'Triples': '0', 'Home Runs': '0', 'id': '36023', 'Sac Hits': '0', 'Sac Flies': '0', 'Hit by Pitch': '0', 'Bases on Defensive Interference': '0'}, {'name': 'D. Bard', 'Team': 'Colorado Rockies', 'Pitching Outs': 3, 'Hits Allowed': '0', 'Total Runs Allowed': '0', 'Runs Allowed': '0', 'Walks Allowed': '1', 'Strikeouts': '1', 'HR': '0', 'PC-ST': '12-6', 'ERA': '2.89', 'Extra': 'H, 5', 'Stolen Bases': '0', 'Doubles': '0', 'Triples': '0', 'Home Runs': '0', 'id': '30158', 'Sac Hits': '0', 'Sac Flies': '0', 'Hit by Pitch': '0', 'Bases on Defensive Interference': '0'}, {'name': 'J. Lawrence', 'Team': 'Colorado Rockies', 'Pitching Outs': 3, 'Hits Allowed': '0', 'Total Runs Allowed': '0', 'Runs Allowed': '0', 'Walks Allowed': '0', 'Strikeouts': '2', 'HR': '0', 'PC-ST': '12-9', 'ERA': '2.89', 'Extra': 'S, 8', 'Stolen Bases': '0', 'Doubles': '0', 'Triples': '0', 'Home Runs': '0', 'id': '41310', 'Sac Hits': '0', 'Sac Flies': '0', 'Hit by Pitch': '0', 'Bases on Defensive Interference': '0'}], 'players': [{'name': 'E. Tovar', 'Team': 'Colorado Rockies', 'AB': '4', 'Runs': '1', 'Hits': '1', 'RBIs': '0', 'Home Runs': '0', 'Walks': '0', 'Strikeouts': '0', 'AVG': '.259', 'OBP': '.289', 'SLG': '.421', 'Hits+Runs+RBIS': '2', 'Stolen Bases': '0', 'Doubles': '1', 'Triples': '0', 'id': '4905919', 'Sac Hits': '0', 'Sac Flies': '0', 'Hit by Pitch': '0', 'Bases on Defensive Interference': '0', 'Total Bases': '2', 'Singles': '0'}, {'name': 'R. McMahon', 'Team': 'Colorado Rockies', 'AB': '4', 'Runs': '0', 'Hits': '2', 'RBIs': '2', 'Home Runs': '0', 'Walks': '0', 'Strikeouts': '0', 'AVG': '.257', 'OBP': '.338', 'SLG': '.461', 'Hits+Runs+RBIS': '4', 'Stolen Bases': '0', 'Doubles': '1', 'Triples': '0', 'id': '33247', 'Sac Hits': '0', 'Sac Flies': '0', 'Hit by Pitch': '0', 'Bases on Defensive Interference': '0', 'Total Bases': '3', 'Singles': '1'}, {'name': 'R. Grichuk', 'Team': 'Colorado Rockies', 'AB': '3', 'Runs': '0', 'Hits': '0', 'RBIs': '0', 'Home Runs': '0', 'Walks': '1', 'Strikeouts': '1', 'AVG': '.308', 'OBP': '.365', 'SLG': '.496', 'Hits+Runs+RBIS': '0', 'Stolen Bases': '0', 'Doubles': '0', 'Triples': '0', 'id': '31399', 'Sac Hits': '0', 'Sac Flies': '0', 'Hit by Pitch': '0', 'Bases on Defensive Interference': '0', 'Total Bases': '0', 'Singles': '0'}, {'name': 'C.J. Cron', 'Team': 'Colorado Rockies', 'AB': '3', 'Runs': '0', 'Hits': '1', 'RBIs': '0', 'Home Runs': '0', 'Walks': '1', 'Strikeouts': '1', 'AVG': '.260', 'OBP': '.304', 'SLG': '.476', 'Hits+Runs+RBIS': '1', 'Stolen Bases': '0', 'Doubles': '1', 'Triples': '0', 'id': '32155', 'Sac Hits': '0', 'Sac Flies': '0', 'Hit by Pitch': '0', 'Bases on Defensive Interference': '0', 'Total Bases': '2', 'Singles': '0'}, {'name': 'E. Montero', 'Team': 'Colorado Rockies', 'AB': '0', 'Runs': '0', 'Hits': '0', 'RBIs': '0', 'Home Runs': '0', 'Walks': '0', 'Strikeouts': '0', 'AVG': '.209', 'OBP': '.231', 'SLG': '.348', 'Hits+Runs+RBIS': '0', 'Stolen Bases': '0', 'Doubles': '0', 'Triples': '0', 'id': '41222', 'Sac Hits': '0', 'Sac Flies': '0', 'Hit by Pitch': '0', 'Bases on Defensive Interference': '0', 'Total Bases': '0', 'Singles': '0'}, {'name': 'N. Jones', 'Team': 'Colorado Rockies', 'AB': '4', 'Runs': '0', 'Hits': '2', 'RBIs': '0', 'Home Runs': '0', 'Walks': '0', 'Strikeouts': '0', 'AVG': '.273', 'OBP': '.351', 'SLG': '.485', 'Hits+Runs+RBIS': '2', 'Stolen Bases': '1', 'Doubles': '0', 'Triples': '0', 'id': '37340', 'Sac Hits': '0', 'Sac Flies': '0', 'Hit by Pitch': '0', 'Bases on Defensive Interference': '0', 'Total Bases': '2', 'Singles': '2'}, {'name': 'J. Profar', 'Team': 'Colorado Rockies', 'AB': '0', 'Runs': '0', 'Hits': '0', 'RBIs': '0', 'Home Runs': '0', 'Walks': '0', 'Strikeouts': '0', 'AVG': '.243', 'OBP': '.325', 'SLG': '.373', 'Hits+Runs+RBIS': '0', 'Stolen Bases': '0', 'Doubles': '0', 'Triples': '0', 'id': '31117', 'Sac Hits': '0', 'Sac Flies': '0', 'Hit by Pitch': '0', 'Bases on Defensive Interference': '0', 'Total Bases': '0', 'Singles': '0'}, {'name': 'M. Toglia', 'Team': 'Colorado Rockies', 'AB': '4', 'Runs': '0', 'Hits': '0', 'RBIs': '0', 'Home Runs': '0', 'Walks': '0', 'Strikeouts': '3', 'AVG': '.203', 'OBP': '.277', 'SLG': '.339', 'Hits+Runs+RBIS': '0', 'Stolen Bases': '0', 'Doubles': '0', 'Triples': '0', 'id': '42412', 'Sac Hits': '0', 'Sac Flies': '0', 'Hit by Pitch': '0', 'Bases on Defensive Interference': '0', 'Total Bases': '0', 'Singles': '0'}, {'name': 'H. Castro', 'Team': 'Colorado Rockies', 'AB': '2', 'Runs': '0', 'Hits': '0', 'RBIs': '0', 'Home Runs': '0', 'Walks': '0', 'Strikeouts': '2', 'AVG': '.270', 'OBP': '.287', 'SLG': '.340', 'Hits+Runs+RBIS': '0', 'Stolen Bases': '0', 'Doubles': '0', 'Triples': '0', 'id': '32521', 'Sac Hits': '0', 'Sac Flies': '0', 'Hit by Pitch': '0', 'Bases on Defensive Interference': '0', 'Total Bases': '0', 'Singles': '0'}, {'name': 'A. Trejo', 'Team': 'Colorado Rockies', 'AB': '1', 'Runs': '0', 'Hits': '0', 'RBIs': '0', 'Home Runs': '0', 'Walks': '0', 'Strikeouts': '1', 'AVG': '.248', 'OBP': '.282', 'SLG': '.340', 'Hits+Runs+RBIS': '0', 'Stolen Bases': '0', 'Doubles': '0', 'Triples': '0', 'id': '40572', 'Sac Hits': '0', 'Sac Flies': '0', 'Hit by Pitch': '0', 'Bases on Defensive Interference': '0', 'Total Bases': '0', 'Singles': '0'}, {'name': 'B. Doyle', 'Team': 'Colorado Rockies', 'AB': '3', 'Runs': '0', 'Hits': '0', 'RBIs': '0', 'Home Runs': '0', 'Walks': '0', 'Strikeouts': '1', 'AVG': '.198', 'OBP': '.258', 'SLG': '.335', 'Hits+Runs+RBIS': '0', 'Stolen Bases': '0', 'Doubles': '0', 'Triples': '0', 'id': '42462', 'Sac Hits': '0', 'Sac Flies': '0', 'Hit by Pitch': '0', 'Bases on Defensive Interference': '0', 'Total Bases': '0', 'Singles': '0'}, {'name': 'A. Wynns', 'Team': 'Colorado Rockies', 'AB': '2', 'Runs': '1', 'Hits': '0', 'RBIs': '0', 'Home Runs': '0', 'Walks': '0', 'Strikeouts': '0', 'AVG': '.209', 'OBP': '.270', 'SLG': '.299', 'Hits+Runs+RBIS': '1', 'Stolen Bases': '0', 'Doubles': '0', 'Triples': '0', 'id': '35314', 'Sac Hits': '0', 'Sac Flies': '0', 'Hit by Pitch': '1', 'Bases on Defensive Interference': '0', 'Total Bases': '0', 'Singles': '0'}, {'name': 'T. Blach', 'Team': 'Colorado Rockies', 'Pitching Outs': 15, 'Hits Allowed': '3', 'Total Runs Allowed': '0', 'Runs Allowed': '0', 'Walks Allowed': '1', 'Strikeouts': '2', 'HR': '0', 'PC-ST': '52-41', 'ERA': '4.22', 'Extra': 'W, 1-0', 'Stolen Bases': '0', 'Doubles': '0', 'Triples': '0', 'Home Runs': '0', 'id': '33138', 'Sac Hits': '0', 'Sac Flies': '0', 'Hit by Pitch': '0', 'Bases on Defensive Interference': '0'}, {'name': 'M. Koch', 'Team': 'Colorado Rockies', 'Pitching Outs': 3, 'Hits Allowed': '0', 'Total Runs Allowed': '0', 'Runs Allowed': '0', 'Walks Allowed': '0', 'Strikeouts': '1', 'HR': '0', 'PC-ST': '12-9', 'ERA': '1.84', 'Extra': 'H, 1', 'Stolen Bases': '0', 'Doubles': '0', 'Triples': '0', 'Home Runs': '0', 'id': '34849', 'Sac Hits': '0', 'Sac Flies': '0', 'Hit by Pitch': '0', 'Bases on Defensive Interference': '0'}, {'name': 'B. Suter', 'Team': 'Colorado Rockies', 'Pitching Outs': 3, 'Hits Allowed': '2', 'Total Runs Allowed': '0', 'Runs Allowed': '0', 'Walks Allowed': '1', 'Strikeouts': '2', 'HR': '0', 'PC-ST': '27-17', 'ERA': '2.79', 'Extra': 'H, 4', 'Stolen Bases': '0', 'Doubles': '0', 'Triples': '0', 'Home Runs': '0', 'id': '36023', 'Sac Hits': '0', 'Sac Flies': '0', 'Hit by Pitch': '0', 'Bases on Defensive Interference': '0'}, {'name': 'D. Bard', 'Team': 'Colorado Rockies', 'Pitching Outs': 3, 'Hits Allowed': '0', 'Total Runs Allowed': '0', 'Runs Allowed': '0', 'Walks Allowed': '1', 'Strikeouts': '1', 'HR': '0', 'PC-ST': '12-6', 'ERA': '2.89', 'Extra': 'H, 5', 'Stolen Bases': '0', 'Doubles': '0', 'Triples': '0', 'Home Runs': '0', 'id': '30158', 'Sac Hits': '0', 'Sac Flies': '0', 'Hit by Pitch': '0', 'Bases on Defensive Interference': '0'}, {'name': 'J. Lawrence', 'Team': 'Colorado Rockies', 'Pitching Outs': 3, 'Hits Allowed': '0', 'Total Runs Allowed': '0', 'Runs Allowed': '0', 'Walks Allowed': '0', 'Strikeouts': '2', 'HR': '0', 'PC-ST': '12-9', 'ERA': '2.89', 'Extra': 'S, 8', 'Stolen Bases': '0', 'Doubles': '0', 'Triples': '0', 'Home Runs': '0', 'id': '41310', 'Sac Hits': '0', 'Sac Flies': '0', 'Hit by Pitch': '0', 'Bases on Defensive Interference': '0'}]}","{'awayShort': 'OAK', 'awayTeam': 'Oakland Athletics', 'awayHitters': [{'name': 'T. Kemp', 'Team': 'Oakland Athletics', 'AB': '3', 'Runs': '0', 'Hits': '0', 'RBIs': '0', 'Home Runs': '0', 'Walks': '1', 'Strikeouts': '0', 'AVG': '.214', 'OBP': '.300', 'SLG': '.306', 'Hits+Runs+RBIS': '0', 'Stolen Bases': '0', 'Doubles': '0', 'Triples': '0', 'id': '34083', 'Sac Hits': '0', 'Sac Flies': '0', 'Hit by Pitch': '0', 'Bases on Defensive Interference': '0', 'Total Bases': '0', 'Singles': '0'}, {'name': 'Z. Gelof', 'Team': 'Oakland Athletics', 'AB': '4', 'Runs': '0', 'Hits': '0', 'RBIs': '0', 'Home Runs': '0', 'Walks': '0', 'Strikeouts': '3', 'AVG': '.218', 'OBP': '.283', 'SLG': '.491', 'Hits+Runs+RBIS': '0', 'Stolen Bases': '0', 'Doubles': '0', 'Triples': '0', 'id': '4414531', 'Sac Hits': '0', 'Sac Flies': '0', 'Hit by Pitch': '0', 'Bases on Defensive Interference': '0', 'Total Bases': '0', 'Singles': '0'}, {'name': 'B. Rooker', 'Team': 'Oakland Athletics', 'AB': '4', 'Runs': '0', 'Hits': '1', 'RBIs': '0', 'Home Runs': '0', 'Walks': '0', 'Strikeouts': '0', 'AVG': '.248', 'OBP': '.341', 'SLG': '.476', 'Hits+Runs+RBIS': '1', 'Stolen Bases': '0', 'Doubles': '0', 'Triples': '0', 'id': '40926', 'Sac Hits': '0', 'Sac Flies': '0', 'Hit by Pitch': '0', 'Bases on Defensive Interference': '0', 'Total Bases': '1', 'Singles': '1'}, {'name': 'J. Diaz', 'Team': 'Oakland Athletics', 'AB': '3', 'Runs': '0', 'Hits': '0', 'RBIs': '0', 'Home Runs': '0', 'Walks': '0', 'Strikeouts': '1', 'AVG': '.252', 'OBP': '.288', 'SLG': '.412', 'Hits+Runs+RBIS': '0', 'Stolen Bases': '0', 'Doubles': '0', 'Triples': '0', 'id': '42515', 'Sac Hits': '0', 'Sac Flies': '0', 'Hit by Pitch': '0', 'Bases on Defensive Interference': '0', 'Total Bases': '0', 'Singles': '0'}, {'name': 'S. Brown', 'Team': 'Oakland Athletics', 'AB': '1', 'Runs': '0', 'Hits': '0', 'RBIs': '0', 'Home Runs': '0', 'Walks': '0', 'Strikeouts': '1', 'AVG': '.207', 'OBP': '.287', 'SLG': '.404', 'Hits+Runs+RBIS': '0', 'Stolen Bases': '0', 'Doubles': '0', 'Triples': '0', 'id': '35676', 'Sac Hits': '0', 'Sac Flies': '0', 'Hit by Pitch': '0', 'Bases on Defensive Interference': '0', 'Total Bases': '0', 'Singles': '0'}, {'name': 'R. Laureano', 'Team': 'Oakland Athletics', 'AB': '3', 'Runs': '0', 'Hits': '2', 'RBIs': '0', 'Home Runs': '0', 'Walks': '0', 'Strikeouts': '0', 'AVG': '.220', 'OBP': '.283', 'SLG': '.376', 'Hits+Runs+RBIS': '2', 'Stolen Bases': '0', 'Doubles': '0', 'Triples': '0', 'id': '35142', 'Sac Hits': '0', 'Sac Flies': '0', 'Hit by Pitch': '0', 'Bases on Defensive Interference': '0', 'Total Bases': '2', 'Singles': '2'}, {'name': 'J. Bleday', 'Team': 'Oakland Athletics', 'AB': '1', 'Runs': '0', 'Hits': '0', 'RBIs': '0', 'Home Runs': '0', 'Walks': '0', 'Strikeouts': '1', 'AVG': '.212', 'OBP': '.329', 'SLG': '.384', 'Hits+Runs+RBIS': '0', 'Stolen Bases': '0', 'Doubles': '0', 'Triples': '0', 'id': '42410', 'Sac Hits': '0', 'Sac Flies': '0', 'Hit by Pitch': '0', 'Bases on Defensive Interference': '0', 'Total Bases': '0', 'Singles': '0'}, {'name': 'S. Langeliers', 'Team': 'Oakland Athletics', 'AB': '3', 'Runs': '0', 'Hits': '0', 'RBIs': '0', 'Home Runs': '0', 'Walks': '1', 'Strikeouts': '1', 'AVG': '.202', 'OBP': '.266', 'SLG': '.365', 'Hits+Runs+RBIS': '0', 'Stolen Bases': '0', 'Doubles': '0', 'Triples': '0', 'id': '42598', 'Sac Hits': '0', 'Sac Flies': '0', 'Hit by Pitch': '0', 'Bases on Defensive Interference': '0', 'Total Bases': '0', 'Singles': '0'}, {'name': 'T. Soderstrom', 'Team': 'Oakland Athletics', 'AB': '3', 'Runs': '0', 'Hits': '1', 'RBIs': '0', 'Home Runs': '0', 'Walks': '0', 'Strikeouts': '0', 'AVG': '.211', 'OBP': '.302', 'SLG': '.211', 'Hits+Runs+RBIS': '1', 'Stolen Bases': '0', 'Doubles': '0', 'Triples': '0', 'id': '4686066', 'Sac Hits': '0', 'Sac Flies': '0', 'Hit by Pitch': '0', 'Bases on Defensive Interference': '0', 'Total Bases': '1', 'Singles': '1'}, {'name': 'A. Díaz', 'Team': 'Oakland Athletics', 'AB': '2', 'Runs': '0', 'Hits': '1', 'RBIs': '0', 'Home Runs': '0', 'Walks': '1', 'Strikeouts': '0', 'AVG': '.209', 'OBP': '.263', 'SLG': '.283', 'Hits+Runs+RBIS': '1', 'Stolen Bases': '0', 'Doubles': '0', 'Triples': '0', 'id': '33390', 'Sac Hits': '0', 'Sac Flies': '0', 'Hit by Pitch': '0', 'Bases on Defensive Interference': '0', 'Total Bases': '1', 'Singles': '1'}, {'name': 'N. Allen', 'Team': 'Oakland Athletics', 'AB': '3', 'Runs': '0', 'Hits': '0', 'RBIs': '0', 'Home Runs': '0', 'Walks': '0', 'Strikeouts': '1', 'AVG': '.182', 'OBP': '.230', 'SLG': '.221', 'Hits+Runs+RBIS': '0', 'Stolen Bases': '0', 'Doubles': '0', 'Triples': '0', 'id': '40338', 'Sac Hits': '0', 'Sac Flies': '0', 'Hit by Pitch': '0', 'Bases on Defensive Interference': '0', 'Total Bases': '0', 'Singles': '0'}], 'awayPitchers': [{'name': 'L. Medina', 'Team': 'Oakland Athletics', 'Pitching Outs': 15, 'Hits Allowed': '6', 'Total Runs Allowed': '2', 'Runs Allowed': '2', 'Walks Allowed': '0', 'Strikeouts': '6', 'HR': '0', 'PC-ST': '91-60', 'ERA': '5.35', 'Extra': 'L, 3-8', 'Stolen Bases': '0', 'Doubles': '0', 'Triples': '0', 'Home Runs': '0', 'id': '40949', 'Sac Hits': '0', 'Sac Flies': '0', 'Hit by Pitch': '0', 'Bases on Defensive Interference': '0'}, {'name': 'S. Moll', 'Team': 'Oakland Athletics', 'Pitching Outs': 2, 'Hits Allowed': '0', 'Total Runs Allowed': '0', 'Runs Allowed': '0', 'Walks Allowed': '0', 'Strikeouts': '2', 'HR': '0', 'PC-ST': '13-10', 'ERA': '4.54', 'Stolen Bases': '0', 'Doubles': '0', 'Triples': '0', 'Home Runs': '0', 'id': '34928', 'Sac Hits': '0', 'Sac Flies': '0', 'Hit by Pitch': '0', 'Bases on Defensive Interference': '0'}, {'name': 'A. Pruitt', 'Team': 'Oakland Athletics', 'Pitching Outs': 3, 'Hits Allowed': '0', 'Total Runs Allowed': '0', 'Runs Allowed': '0', 'Walks Allowed': '0', 'Strikeouts': '0', 'HR': '0', 'PC-ST': '11-6', 'ERA': '3.66', 'Stolen Bases': '0', 'Doubles': '0', 'Triples': '0', 'Home Runs': '0', 'id': '36061', 'Sac Hits': '0', 'Sac Flies': '0', 'Hit by Pitch': '0', 'Bases on Defensive Interference': '0'}, {'name': 'A. Felipe', 'Team': 'Oakland Athletics', 'Pitching Outs': 3, 'Hits Allowed': '0', 'Total Runs Allowed': '0', 'Runs Allowed': '0', 'Walks Allowed': '2', 'Strikeouts': '1', 'HR': '0', 'PC-ST': '20-8', 'ERA': '1.80', 'Stolen Bases': '0', 'Doubles': '0', 'Triples': '0', 'Home Runs': '0', 'id': '4722956', 'Sac Hits': '0', 'Sac Flies': '0', 'Hit by Pitch': '0', 'Bases on Defensive Interference': '0'}], 'players': [{'name': 'T. Kemp', 'Team': 'Oakland Athletics', 'AB': '3', 'Runs': '0', 'Hits': '0', 'RBIs': '0', 'Home Runs': '0', 'Walks': '1', 'Strikeouts': '0', 'AVG': '.214', 'OBP': '.300', 'SLG': '.306', 'Hits+Runs+RBIS': '0', 'Stolen Bases': '0', 'Doubles': '0', 'Triples': '0', 'id': '34083', 'Sac Hits': '0', 'Sac Flies': '0', 'Hit by Pitch': '0', 'Bases on Defensive Interference': '0', 'Total Bases': '0', 'Singles': '0'}, {'name': 'Z. Gelof', 'Team': 'Oakland Athletics', 'AB': '4', 'Runs': '0', 'Hits': '0', 'RBIs': '0', 'Home Runs': '0', 'Walks': '0', 'Strikeouts': '3', 'AVG': '.218', 'OBP': '.283', 'SLG': '.491', 'Hits+Runs+RBIS': '0', 'Stolen Bases': '0', 'Doubles': '0', 'Triples': '0', 'id': '4414531', 'Sac Hits': '0', 'Sac Flies': '0', 'Hit by Pitch': '0', 'Bases on Defensive Interference': '0', 'Total Bases': '0', 'Singles': '0'}, {'name': 'B. Rooker', 'Team': 'Oakland Athletics', 'AB': '4', 'Runs': '0', 'Hits': '1', 'RBIs': '0', 'Home Runs': '0', 'Walks': '0', 'Strikeouts': '0', 'AVG': '.248', 'OBP': '.341', 'SLG': '.476', 'Hits+Runs+RBIS': '1', 'Stolen Bases': '0', 'Doubles': '0', 'Triples': '0', 'id': '40926', 'Sac Hits': '0', 'Sac Flies': '0', 'Hit by Pitch': '0', 'Bases on Defensive Interference': '0', 'Total Bases': '1', 'Singles': '1'}, {'name': 'J. Diaz', 'Team': 'Oakland Athletics', 'AB': '3', 'Runs': '0', 'Hits': '0', 'RBIs': '0', 'Home Runs': '0', 'Walks': '0', 'Strikeouts': '1', 'AVG': '.252', 'OBP': '.288', 'SLG': '.412', 'Hits+Runs+RBIS': '0', 'Stolen Bases': '0', 'Doubles': '0', 'Triples': '0', 'id': '42515', 'Sac Hits': '0', 'Sac Flies': '0', 'Hit by Pitch': '0', 'Bases on Defensive Interference': '0', 'Total Bases': '0', 'Singles': '0'}, {'name': 'S. Brown', 'Team': 'Oakland Athletics', 'AB': '1', 'Runs': '0', 'Hits': '0', 'RBIs': '0', 'Home Runs': '0', 'Walks': '0', 'Strikeouts': '1', 'AVG': '.207', 'OBP': '.287', 'SLG': '.404', 'Hits+Runs+RBIS': '0', 'Stolen Bases': '0', 'Doubles': '0', 'Triples': '0', 'id': '35676', 'Sac Hits': '0', 'Sac Flies': '0', 'Hit by Pitch': '0', 'Bases on Defensive Interference': '0', 'Total Bases': '0', 'Singles': '0'}, {'name': 'R. Laureano', 'Team': 'Oakland Athletics', 'AB': '3', 'Runs': '0', 'Hits': '2', 'RBIs': '0', 'Home Runs': '0', 'Walks': '0', 'Strikeouts': '0', 'AVG': '.220', 'OBP': '.283', 'SLG': '.376', 'Hits+Runs+RBIS': '2', 'Stolen Bases': '0', 'Doubles': '0', 'Triples': '0', 'id': '35142', 'Sac Hits': '0', 'Sac Flies': '0', 'Hit by Pitch': '0', 'Bases on Defensive Interference': '0', 'Total Bases': '2', 'Singles': '2'}, {'name': 'J. Bleday', 'Team': 'Oakland Athletics', 'AB': '1', 'Runs': '0', 'Hits': '0', 'RBIs': '0', 'Home Runs': '0', 'Walks': '0', 'Strikeouts': '1', 'AVG': '.212', 'OBP': '.329', 'SLG': '.384', 'Hits+Runs+RBIS': '0', 'Stolen Bases': '0', 'Doubles': '0', 'Triples': '0', 'id': '42410', 'Sac Hits': '0', 'Sac Flies': '0', 'Hit by Pitch': '0', 'Bases on Defensive Interference': '0', 'Total Bases': '0', 'Singles': '0'}, {'name': 'S. Langeliers', 'Team': 'Oakland Athletics', 'AB': '3', 'Runs': '0', 'Hits': '0', 'RBIs': '0', 'Home Runs': '0', 'Walks': '1', 'Strikeouts': '1', 'AVG': '.202', 'OBP': '.266', 'SLG': '.365', 'Hits+Runs+RBIS': '0', 'Stolen Bases': '0', 'Doubles': '0', 'Triples': '0', 'id': '42598', 'Sac Hits': '0', 'Sac Flies': '0', 'Hit by Pitch': '0', 'Bases on Defensive Interference': '0', 'Total Bases': '0', 'Singles': '0'}, {'name': 'T. Soderstrom', 'Team': 'Oakland Athletics', 'AB': '3', 'Runs': '0', 'Hits': '1', 'RBIs': '0', 'Home Runs': '0', 'Walks': '0', 'Strikeouts': '0', 'AVG': '.211', 'OBP': '.302', 'SLG': '.211', 'Hits+Runs+RBIS': '1', 'Stolen Bases': '0', 'Doubles': '0', 'Triples': '0', 'id': '4686066', 'Sac Hits': '0', 'Sac Flies': '0', 'Hit by Pitch': '0', 'Bases on Defensive Interference': '0', 'Total Bases': '1', 'Singles': '1'}, {'name': 'A. Díaz', 'Team': 'Oakland Athletics', 'AB': '2', 'Runs': '0', 'Hits': '1', 'RBIs': '0', 'Home Runs': '0', 'Walks': '1', 'Strikeouts': '0', 'AVG': '.209', 'OBP': '.263', 'SLG': '.283', 'Hits+Runs+RBIS': '1', 'Stolen Bases': '0', 'Doubles': '0', 'Triples': '0', 'id': '33390', 'Sac Hits': '0', 'Sac Flies': '0', 'Hit by Pitch': '0', 'Bases on Defensive Interference': '0', 'Total Bases': '1', 'Singles': '1'}, {'name': 'N. Allen', 'Team': 'Oakland Athletics', 'AB': '3', 'Runs': '0', 'Hits': '0', 'RBIs': '0', 'Home Runs': '0', 'Walks': '0', 'Strikeouts': '1', 'AVG': '.182', 'OBP': '.230', 'SLG': '.221', 'Hits+Runs+RBIS': '0', 'Stolen Bases': '0', 'Doubles': '0', 'Triples': '0', 'id': '40338', 'Sac Hits': '0', 'Sac Flies': '0', 'Hit by Pitch': '0', 'Bases on Defensive Interference': '0', 'Total Bases': '0', 'Singles': '0'}, {'name': 'L. Medina', 'Team': 'Oakland Athletics', 'Pitching Outs': 15, 'Hits Allowed': '6', 'Total Runs Allowed': '2', 'Runs Allowed': '2', 'Walks Allowed': '0', 'Strikeouts': '6', 'HR': '0', 'PC-ST': '91-60', 'ERA': '5.35', 'Extra': 'L, 3-8', 'Stolen Bases': '0', 'Doubles': '0', 'Triples': '0', 'Home Runs': '0', 'id': '40949', 'Sac Hits': '0', 'Sac Flies': '0', 'Hit by Pitch': '0', 'Bases on Defensive Interference': '0'}, {'name': 'S. Moll', 'Team': 'Oakland Athletics', 'Pitching Outs': 2, 'Hits Allowed': '0', 'Total Runs Allowed': '0', 'Runs Allowed': '0', 'Walks Allowed': '0', 'Strikeouts': '2', 'HR': '0', 'PC-ST': '13-10', 'ERA': '4.54', 'Stolen Bases': '0', 'Doubles': '0', 'Triples': '0', 'Home Runs': '0', 'id': '34928', 'Sac Hits': '0', 'Sac Flies': '0', 'Hit by Pitch': '0', 'Bases on Defensive Interference': '0'}, {'name': 'A. Pruitt', 'Team': 'Oakland Athletics', 'Pitching Outs': 3, 'Hits Allowed': '0', 'Total Runs Allowed': '0', 'Runs Allowed': '0', 'Walks Allowed': '0', 'Strikeouts': '0', 'HR': '0', 'PC-ST': '11-6', 'ERA': '3.66', 'Stolen Bases': '0', 'Doubles': '0', 'Triples': '0', 'Home Runs': '0', 'id': '36061', 'Sac Hits': '0', 'Sac Flies': '0', 'Hit by Pitch': '0', 'Bases on Defensive Interference': '0'}, {'name': 'A. Felipe', 'Team': 'Oakland Athletics', 'Pitching Outs': 3, 'Hits Allowed': '0', 'Total Runs Allowed': '0', 'Runs Allowed': '0', 'Walks Allowed': '2', 'Strikeouts': '1', 'HR': '0', 'PC-ST': '20-8', 'ERA': '1.80', 'Stolen Bases': '0', 'Doubles': '0', 'Triples': '0', 'Home Runs': '0', 'id': '4722956', 'Sac Hits': '0', 'Sac Flies': '0', 'Hit by Pitch': '0', 'Bases on Defensive Interference': '0'}]}","{'Away': ['0', '0', '0', '0', '0', '0', '0', '0', '0', '0', 5, 1], 'Home': ['0', '0', '1', '0', '1', '0', '0', '0', '-', '2', 6, 0], 'Labels': [1, 2, 3, 4, 5, 6, 7, 8, 9, 'Runs', 'Home Runs', 'Errors']}",False,mlb,20230730
Boston Red Sox@San Francisco Giants,"{'homeShort': 'SF', 'homeTeam': 'San Francisco Giants', 'homeHitters': [{'name': 'A. Slater', 'Team': 'San Francisco Giants', 'AB': '1', 'Runs': '0', 'Hits': '0', 'RBIs': '0', 'Home Runs': '0', 'Walks': '0', 'Strikeouts': '1', 'AVG': '.288', 'OBP': '.358', 'SLG': '.450', 'Hits+Runs+RBIS': '0', 'Stolen Bases': '0', 'Doubles': '0', 'Triples': '0', 'id': '35265', 'Sac Hits': '0', 'Sac Flies': '0', 'Hit by Pitch': '0', 'Bases on Defensive Interference': '0', 'Total Bases': '0', 'Singles': '0'}, {'name': 'M. Yastrzemski', 'Team': 'San Francisco Giants', 'AB': '1', 'Runs': '0', 'Hits': '1', 'RBIs': '0', 'Home Runs': '0', 'Walks': '0', 'Strikeouts': '0', 'AVG': '.233', 'OBP': '.314', 'SLG': '.439', 'Hits+Runs+RBIS': '1', 'Stolen Bases': '0', 'Doubles': '1', 'Triples': '0', 'id': '33341', 'Sac Hits': '0', 'Sac Flies': '0', 'Hit by Pitch': '0', 'Bases on Defensive Interference': '0', 'Total Bases': '2', 'Singles': '0'}, {'name': 'J. Pederson', 'Team': 'San Francisco Giants', 'AB': '4', 'Runs': '0', 'Hits': '1', 'RBIs': '1', 'Home Runs': '0', 'Walks': '0', 'Strikeouts': '0', 'AVG': '.245', 'OBP': '.369', 'SLG': '.462', 'Hits+Runs+RBIS': '2', 'Stolen Bases': '0', 'Doubles': '0', 'Triples': '0', 'id': '31392', 'Sac Hits': '0', 'Sac Flies': '0', 'Hit by Pitch': '0', 'Bases on Defensive Interference': '0', 'Total Bases': '1', 'Singles': '1'}, {'name': 'W. Flores', 'Team': 'San Francisco Giants', 'AB': '5', 'Runs': '0', 'Hits': '2', 'RBIs': '1', 'Home Runs': '0', 'Walks': '0', 'Strikeouts': '1', 'AVG': '.300', 'OBP': '.357', 'SLG': '.532', 'Hits+Runs+RBIS': '3', 'Stolen Bases': '0', 'Doubles': '0', 'Triples': '0', 'id': '30627', 'Sac Hits': '0', 'Sac Flies': '0', 'Hit by Pitch': '0', 'Bases on Defensive Interference': '0', 'Total Bases': '2', 'Singles': '2'}, {'name': 'M. Luciano', 'Team': 'San Francisco Giants', 'AB': '2', 'Runs': '0', 'Hits': '0', 'RBIs': '0', 'Home Runs': '0', 'Walks': '1', 'Strikeouts': '1', 'AVG': '.273', 'OBP': '.333', 'SLG': '.364', 'Hits+Runs+RBIS': '0', 'Stolen Bases': '0', 'Doubles': '0', 'Triples': '0', 'id': '41198', 'Sac Hits': '0', 'Sac Flies': '0', 'Hit by Pitch': '0', 'Bases on Defensive Interference': '0', 'Total Bases': '0', 'Singles': '0'}, {'name': 'L. Wade Jr.', 'Team': 'San Francisco Giants', 'AB': '1', 'Runs': '0', 'Hits': '0', 'RBIs': '0', 'Home Runs': '0', 'Walks': '1', 'Strikeouts': '0', 'AVG': '.268', 'OBP': '.400', 'SLG': '.415', 'Hits+Runs+RBIS': '0', 'Stolen Bases': '0', 'Doubles': '0', 'Triples': '0', 'id': '37798', 'Sac Hits': '0', 'Sac Flies': '0', 'Hit by Pitch': '0', 'Bases on Defensive Interference': '0', 'Total Bases': '0', 'Singles': '0'}, {'name': 'J.D. Davis', 'Team': 'San Francisco Giants', 'AB': '5', 'Runs': '0', 'Hits': '0', 'RBIs': '0', 'Home Runs': '0', 'Walks': '0', 'Strikeouts': '1', 'AVG': '.258', 'OBP': '.339', 'SLG': '.433', 'Hits+Runs+RBIS': '0', 'Stolen Bases': '0', 'Doubles': '0', 'Triples': '0', 'id': '33796', 'Sac Hits': '0', 'Sac Flies': '0', 'Hit by Pitch': '0', 'Bases on Defensive Interference': '0', 'Total Bases': '0', 'Singles': '0'}, {'name': 'M. Conforto', 'Team': 'San Francisco Giants', 'AB': '3', 'Runs': '2', 'Hits': '1', 'RBIs': '0', 'Home Runs': '0', 'Walks': '1', 'Strikeouts': '0', 'AVG': '.241', 'OBP': '.331', 'SLG': '.401', 'Hits+Runs+RBIS': '3', 'Stolen Bases': '0', 'Doubles': '0', 'Triples': '0', 'id': '33711', 'Sac Hits': '0', 'Sac Flies': '0', 'Hit by Pitch': '1', 'Bases on Defensive Interference': '0', 'Total Bases': '1', 'Singles': '1'}, {'name': 'L. Matos', 'Team': 'San Francisco Giants', 'AB': '4', 'Runs': '0', 'Hits': '2', 'RBIs': '0', 'Home Runs': '0', 'Walks': '0', 'Strikeouts': '0', 'AVG': '.264', 'OBP': '.324', 'SLG': '.352', 'Hits+Runs+RBIS': '2', 'Stolen Bases': '0', 'Doubles': '1', 'Triples': '0', 'id': '4722941', 'Sac Hits': '0', 'Sac Flies': '0', 'Hit by Pitch': '1', 'Bases on Defensive Interference': '0', 'Total Bases': '3', 'Singles': '1'}, {'name': 'B. Sabol', 'Team': 'San Francisco Giants', 'AB': '2', 'Runs': '0', 'Hits': '1', 'RBIs': '0', 'Home Runs': '0', 'Walks': '0', 'Strikeouts': '1', 'AVG': '.252', 'OBP': '.307', 'SLG': '.430', 'Hits+Runs+RBIS': '1', 'Stolen Bases': '0', 'Doubles': '0', 'Triples': '0', 'id': '5120296', 'Sac Hits': '0', 'Sac Flies': '0', 'Hit by Pitch': '0', 'Bases on Defensive Interference': '0', 'Total Bases': '1', 'Singles': '1'}, {'name': 'P. Bailey', 'Team': 'San Francisco Giants', 'AB': '3', 'Runs': '1', 'Hits': '0', 'RBIs': '1', 'Home Runs': '0', 'Walks': '0', 'Strikeouts': '0', 'AVG': '.254', 'OBP': '.286', 'SLG': '.413', 'Hits+Runs+RBIS': '2', 'Stolen Bases': '0', 'Doubles': '0', 'Triples': '0', 'id': '4345843', 'Sac Hits': '0', 'Sac Flies': '0', 'Hit by Pitch': '0', 'Bases on Defensive Interference': '0', 'Total Bases': '0', 'Singles': '0'}, {'name': 'C. Schmitt', 'Team': 'San Francisco Giants', 'AB': '4', 'Runs': '1', 'Hits': '1', 'RBIs': '1', 'Home Runs': '0', 'Walks': '0', 'Strikeouts': '1', 'AVG': '.208', 'OBP': '.262', 'SLG': '.294', 'Hits+Runs+RBIS': '3', 'Stolen Bases': '0', 'Doubles': '0', 'Triples': '0', 'id': '4301949', 'Sac Hits': '0', 'Sac Flies': '0', 'Hit by Pitch': '1', 'Bases on Defensive Interference': '0', 'Total Bases': '1', 'Singles': '1'}, {'name': 'B. Crawford', 'Team': 'San Francisco Giants', 'AB': '5', 'Runs': '0', 'Hits': '2', 'RBIs': '0', 'Home Runs': '0', 'Walks': '0', 'Strikeouts': '0', 'AVG': '.212', 'OBP': '.288', 'SLG': '.335', 'Hits+Runs+RBIS': '2', 'Stolen Bases': '0', 'Doubles': '0', 'Triples': '0', 'id': '30469', 'Sac Hits': '0', 'Sac Flies': '0', 'Hit by Pitch': '0', 'Bases on Defensive Interference': '0', 'Total Bases': '2', 'Singles': '2'}], 'homePitchers': [{'name': 'S. Alexander', 'Team': 'San Francisco Giants', 'Pitching Outs': 4, 'Hits Allowed': '0', 'Total Runs Allowed': '0', 'Runs Allowed': '0', 'Walks Allowed': '0', 'Strikeouts': '1', 'HR': '0', 'PC-ST': '16-13', 'ERA': '3.23', 'Stolen Bases': '0', 'Doubles': '0', 'Triples': '0', 'Home Runs': '0', 'id': '33123', 'Sac Hits': '0', 'Sac Flies': '0', 'Hit by Pitch': '0', 'Bases on Defensive Interference': '0'}, {'name': 'R. Stripling', 'Team': 'San Francisco Giants', 'Pitching Outs': 12, 'Hits Allowed': '4', 'Total Runs Allowed': '1', 'Runs Allowed': '1', 'Walks Allowed': '0', 'Strikeouts': '3', 'HR': '1', 'PC-ST': '63-41', 'ERA': '5.52', 'Stolen Bases': '0', 'Doubles': '0', 'Triples': '0', 'Home Runs': '0', 'id': '32789', 'Sac Hits': '0', 'Sac Flies': '0', 'Hit by Pitch': '0', 'Bases on Defensive Interference': '0'}, {'name': 'T. Rogers', 'Team': 'San Francisco Giants', 'Pitching Outs': 3, 'Hits Allowed': '1', 'Total Runs Allowed': '0', 'Runs Allowed': '0', 'Walks Allowed': '1', 'Strikeouts': '0', 'HR': '0', 'PC-ST': '15-10', 'ERA': '2.72', 'Extra': 'H, 6', 'Stolen Bases': '0', 'Doubles': '0', 'Triples': '0', 'Home Runs': '0', 'id': '33671', 'Sac Hits': '0', 'Sac Flies': '0', 'Hit by Pitch': '0', 'Bases on Defensive Interference': '0'}, {'name': 'T. Rogers', 'Team': 'San Francisco Giants', 'Pitching Outs': 3, 'Hits Allowed': '2', 'Total Runs Allowed': '2', 'Runs Allowed': '2', 'Walks Allowed': '1', 'Strikeouts': '1', 'HR': '1', 'PC-ST': '25-14', 'ERA': '2.52', 'Extra': 'B, 5', 'Stolen Bases': '0', 'Doubles': '0', 'Triples': '0', 'Home Runs': '0', 'id': '34026', 'Sac Hits': '0', 'Sac Flies': '0', 'Hit by Pitch': '0', 'Bases on Defensive Interference': '0'}, {'name': 'C. Doval', 'Team': 'San Francisco Giants', 'Pitching Outs': 3, 'Hits Allowed': '1', 'Total Runs Allowed': '0', 'Runs Allowed': '0', 'Walks Allowed': '0', 'Strikeouts': '1', 'HR': '0', 'PC-ST': '20-12', 'ERA': '2.63', 'Stolen Bases': '0', 'Doubles': '0', 'Triples': '0', 'Home Runs': '0', 'id': '41337', 'Sac Hits': '0', 'Sac Flies': '0', 'Hit by Pitch': '0', 'Bases on Defensive Interference': '0'}, {'name': 'T. Beck', 'Team': 'San Francisco Giants', 'Pitching Outs': 6, 'Hits Allowed': '0', 'Total Runs Allowed': '0', 'Runs Allowed': '0', 'Walks Allowed': '1', 'Strikeouts': '3', 'HR': '0', 'PC-ST': '18-16', 'ERA': '2.94', 'Extra': 'W, 2-0', 'Stolen Bases': '0', 'Doubles': '0', 'Triples': '0', 'Home Runs': '0', 'id': '41309', 'Sac Hits': '0', 'Sac Flies': '0', 'Hit by Pitch': '0', 'Bases on Defensive Interference': '0'}], 'players': [{'name': 'A. Slater', 'Team': 'San Francisco Giants', 'AB': '1', 'Runs': '0', 'Hits': '0', 'RBIs': '0', 'Home Runs': '0', 'Walks': '0', 'Strikeouts': '1', 'AVG': '.288', 'OBP': '.358', 'SLG': '.450', 'Hits+Runs+RBIS': '0', 'Stolen Bases': '0', 'Doubles': '0', 'Triples': '0', 'id': '35265', 'Sac Hits': '0', 'Sac Flies': '0', 'Hit by Pitch': '0', 'Bases on Defensive Interference': '0', 'Total Bases': '0', 'Singles': '0'}, {'name': 'M. Yastrzemski', 'Team': 'San Francisco Giants', 'AB': '1', 'Runs': '0', 'Hits': '1', 'RBIs': '0', 'Home Runs': '0', 'Walks': '0', 'Strikeouts': '0', 'AVG': '.233', 'OBP': '.314', 'SLG': '.439', 'Hits+Runs+RBIS': '1', 'Stolen Bases': '0', 'Doubles': '1', 'Triples': '0', 'id': '33341', 'Sac Hits': '0', 'Sac Flies': '0', 'Hit by Pitch': '0', 'Bases on Defensive Interference': '0', 'Total Bases': '2', 'Singles': '0'}, {'name': 'J. Pederson', 'Team': 'San Francisco Giants', 'AB': '4', 'Runs': '0', 'Hits': '1', 'RBIs': '1', 'Home Runs': '0', 'Walks': '0', 'Strikeouts': '0', 'AVG': '.245', 'OBP': '.369', 'SLG': '.462', 'Hits+Runs+RBIS': '2', 'Stolen Bases': '0', 'Doubles': '0', 'Triples': '0', 'id': '31392', 'Sac Hits': '0', 'Sac Flies': '0', 'Hit by Pitch': '0', 'Bases on Defensive Interference': '0', 'Total Bases': '1', 'Singles': '1'}, {'name': 'W. Flores', 'Team': 'San Francisco Giants', 'AB': '5', 'Runs': '0', 'Hits': '2', 'RBIs': '1', 'Home Runs': '0', 'Walks': '0', 'Strikeouts': '1', 'AVG': '.300', 'OBP': '.357', 'SLG': '.532', 'Hits+Runs+RBIS': '3', 'Stolen Bases': '0', 'Doubles': '0', 'Triples': '0', 'id': '30627', 'Sac Hits': '0', 'Sac Flies': '0', 'Hit by Pitch': '0', 'Bases on Defensive Interference': '0', 'Total Bases': '2', 'Singles': '2'}, {'name': 'M. Luciano', 'Team': 'San Francisco Giants', 'AB': '2', 'Runs': '0', 'Hits': '0', 'RBIs': '0', 'Home Runs': '0', 'Walks': '1', 'Strikeouts': '1', 'AVG': '.273', 'OBP': '.333', 'SLG': '.364', 'Hits+Runs+RBIS': '0', 'Stolen Bases': '0', 'Doubles': '0', 'Triples': '0', 'id': '41198', 'Sac Hits': '0', 'Sac Flies': '0', 'Hit by Pitch': '0', 'Bases on Defensive Interference': '0', 'Total Bases': '0', 'Singles': '0'}, {'name': 'L. Wade Jr.', 'Team': 'San Francisco Giants', 'AB': '1', 'Runs': '0', 'Hits': '0', 'RBIs': '0', 'Home Runs': '0', 'Walks': '1', 'Strikeouts': '0', 'AVG': '.268', 'OBP': '.400', 'SLG': '.415', 'Hits+Runs+RBIS': '0', 'Stolen Bases': '0', 'Doubles': '0', 'Triples': '0', 'id': '37798', 'Sac Hits': '0', 'Sac Flies': '0', 'Hit by Pitch': '0', 'Bases on Defensive Interference': '0', 'Total Bases': '0', 'Singles': '0'}, {'name': 'J.D. Davis', 'Team': 'San Francisco Giants', 'AB': '5', 'Runs': '0', 'Hits': '0', 'RBIs': '0', 'Home Runs': '0', 'Walks': '0', 'Strikeouts': '1', 'AVG': '.258', 'OBP': '.339', 'SLG': '.433', 'Hits+Runs+RBIS': '0', 'Stolen Bases': '0', 'Doubles': '0', 'Triples': '0', 'id': '33796', 'Sac Hits': '0', 'Sac Flies': '0', 'Hit by Pitch': '0', 'Bases on Defensive Interference': '0', 'Total Bases': '0', 'Singles': '0'}, {'name': 'M. Conforto', 'Team': 'San Francisco Giants', 'AB': '3', 'Runs': '2', 'Hits': '1', 'RBIs': '0', 'Home Runs': '0', 'Walks': '1', 'Strikeouts': '0', 'AVG': '.241', 'OBP': '.331', 'SLG': '.401', 'Hits+Runs+RBIS': '3', 'Stolen Bases': '0', 'Doubles': '0', 'Triples': '0', 'id': '33711', 'Sac Hits': '0', 'Sac Flies': '0', 'Hit by Pitch': '1', 'Bases on Defensive Interference': '0', 'Total Bases': '1', 'Singles': '1'}, {'name': 'L. Matos', 'Team': 'San Francisco Giants', 'AB': '4', 'Runs': '0', 'Hits': '2', 'RBIs': '0', 'Home Runs': '0', 'Walks': '0', 'Strikeouts': '0', 'AVG': '.264', 'OBP': '.324', 'SLG': '.352', 'Hits+Runs+RBIS': '2', 'Stolen Bases': '0', 'Doubles': '1', 'Triples': '0', 'id': '4722941', 'Sac Hits': '0', 'Sac Flies': '0', 'Hit by Pitch': '1', 'Bases on Defensive Interference': '0', 'Total Bases': '3', 'Singles': '1'}, {'name': 'B. Sabol', 'Team': 'San Francisco Giants', 'AB': '2', 'Runs': '0', 'Hits': '1', 'RBIs': '0', 'Home Runs': '0', 'Walks': '0', 'Strikeouts': '1', 'AVG': '.252', 'OBP': '.307', 'SLG': '.430', 'Hits+Runs+RBIS': '1', 'Stolen Bases': '0', 'Doubles': '0', 'Triples': '0', 'id': '5120296', 'Sac Hits': '0', 'Sac Flies': '0', 'Hit by Pitch': '0', 'Bases on Defensive Interference': '0', 'Total Bases': '1', 'Singles': '1'}, {'name': 'P. Bailey', 'Team': 'San Francisco Giants', 'AB': '3', 'Runs': '1', 'Hits': '0', 'RBIs': '1', 'Home Runs': '0', 'Walks': '0', 'Strikeouts': '0', 'AVG': '.254', 'OBP': '.286', 'SLG': '.413', 'Hits+Runs+RBIS': '2', 'Stolen Bases': '0', 'Doubles': '0', 'Triples': '0', 'id': '4345843', 'Sac Hits': '0', 'Sac Flies': '0', 'Hit by Pitch': '0', 'Bases on Defensive Interference': '0', 'Total Bases': '0', 'Singles': '0'}, {'name': 'C. Schmitt', 'Team': 'San Francisco Giants', 'AB': '4', 'Runs': '1', 'Hits': '1', 'RBIs': '1', 'Home Runs': '0', 'Walks': '0', 'Strikeouts': '1', 'AVG': '.208', 'OBP': '.262', 'SLG': '.294', 'Hits+Runs+RBIS': '3', 'Stolen Bases': '0', 'Doubles': '0', 'Triples': '0', 'id': '4301949', 'Sac Hits': '0', 'Sac Flies': '0', 'Hit by Pitch': '1', 'Bases on Defensive Interference': '0', 'Total Bases': '1', 'Singles': '1'}, {'name': 'B. Crawford', 'Team': 'San Francisco Giants', 'AB': '5', 'Runs': '0', 'Hits': '2', 'RBIs': '0', 'Home Runs': '0', 'Walks': '0', 'Strikeouts': '0', 'AVG': '.212', 'OBP': '.288', 'SLG': '.335', 'Hits+Runs+RBIS': '2', 'Stolen Bases': '0', 'Doubles': '0', 'Triples': '0', 'id': '30469', 'Sac Hits': '0', 'Sac Flies': '0', 'Hit by Pitch': '0', 'Bases on Defensive Interference': '0', 'Total Bases': '2', 'Singles': '2'}, {'name': 'S. Alexander', 'Team': 'San Francisco Giants', 'Pitching Outs': 4, 'Hits Allowed': '0', 'Total Runs Allowed': '0', 'Runs Allowed': '0', 'Walks Allowed': '0', 'Strikeouts': '1', 'HR': '0', 'PC-ST': '16-13', 'ERA': '3.23', 'Stolen Bases': '0', 'Doubles': '0', 'Triples': '0', 'Home Runs': '0', 'id': '33123', 'Sac Hits': '0', 'Sac Flies': '0', 'Hit by Pitch': '0', 'Bases on Defensive Interference': '0'}, {'name': 'R. Stripling', 'Team': 'San Francisco Giants', 'Pitching Outs': 12, 'Hits Allowed': '4', 'Total Runs Allowed': '1', 'Runs Allowed': '1', 'Walks Allowed': '0', 'Strikeouts': '3', 'HR': '1', 'PC-ST': '63-41', 'ERA': '5.52', 'Stolen Bases': '0', 'Doubles': '0', 'Triples': '0', 'Home Runs': '0', 'id': '32789', 'Sac Hits': '0', 'Sac Flies': '0', 'Hit by Pitch': '0', 'Bases on Defensive Interference': '0'}, {'name': 'T. Rogers', 'Team': 'San Francisco Giants', 'Pitching Outs': 3, 'Hits Allowed': '1', 'Total Runs Allowed': '0', 'Runs Allowed': '0', 'Walks Allowed': '1', 'Strikeouts': '0', 'HR': '0', 'PC-ST': '15-10', 'ERA': '2.72', 'Extra': 'H, 6', 'Stolen Bases': '0', 'Doubles': '0', 'Triples': '0', 'Home Runs': '0', 'id': '33671', 'Sac Hits': '0', 'Sac Flies': '0', 'Hit by Pitch': '0', 'Bases on Defensive Interference': '0'}, {'name': 'T. Rogers', 'Team': 'San Francisco Giants', 'Pitching Outs': 3, 'Hits Allowed': '2', 'Total Runs Allowed': '2', 'Runs Allowed': '2', 'Walks Allowed': '1', 'Strikeouts': '1', 'HR': '1', 'PC-ST': '25-14', 'ERA': '2.52', 'Extra': 'B, 5', 'Stolen Bases': '0', 'Doubles': '0', 'Triples': '0', 'Home Runs': '0', 'id': '34026', 'Sac Hits': '0', 'Sac Flies': '0', 'Hit by Pitch': '0', 'Bases on Defensive Interference': '0'}, {'name': 'C. Doval', 'Team': 'San Francisco Giants', 'Pitching Outs': 3, 'Hits Allowed': '1', 'Total Runs Allowed': '0', 'Runs Allowed': '0', 'Walks Allowed': '0', 'Strikeouts': '1', 'HR': '0', 'PC-ST': '20-12', 'ERA': '2.63', 'Stolen Bases': '0', 'Doubles': '0', 'Triples': '0', 'Home Runs': '0', 'id': '41337', 'Sac Hits': '0', 'Sac Flies': '0', 'Hit by Pitch': '0', 'Bases on Defensive Interference': '0'}, {'name': 'T. Beck', 'Team': 'San Francisco Giants', 'Pitching Outs': 6, 'Hits Allowed': '0', 'Total Runs Allowed': '0', 'Runs Allowed': '0', 'Walks Allowed': '1', 'Strikeouts': '3', 'HR': '0', 'PC-ST': '18-16', 'ERA': '2.94', 'Extra': 'W, 2-0', 'Stolen Bases': '0', 'Doubles': '0', 'Triples': '0', 'Home Runs': '0', 'id': '41309', 'Sac Hits': '0', 'Sac Flies': '0', 'Hit by Pitch': '0', 'Bases on Defensive Interference': '0'}]}","{'awayShort': 'BOS', 'awayTeam': 'Boston Red Sox', 'awayHitters': [{'name': 'R. Refsnyder', 'Team': 'Boston Red Sox', 'AB': '5', 'Runs': '0', 'Hits': '1', 'RBIs': '0', 'Home Runs': '0', 'Walks': '0', 'Strikeouts': '1', 'AVG': '.272', 'OBP': '.387', 'SLG': '.344', 'Hits+Runs+RBIS': '1', 'Stolen Bases': '0', 'Doubles': '0', 'Triples': '0', 'id': '33411', 'Sac Hits': '0', 'Sac Flies': '0', 'Hit by Pitch': '0', 'Bases on Defensive Interference': '0', 'Total Bases': '1', 'Singles': '1'}, {'name': 'J. Turner', 'Team': 'Boston Red Sox', 'AB': '5', 'Runs': '1', 'Hits': '1', 'RBIs': '2', 'Home Runs': '1', 'Walks': '0', 'Strikeouts': '0', 'AVG': '.287', 'OBP': '.356', 'SLG': '.483', 'Hits+Runs+RBIS': '4', 'Stolen Bases': '0', 'Doubles': '0', 'Triples': '0', 'id': '29607', 'Sac Hits': '0', 'Sac Flies': '0', 'Hit by Pitch': '0', 'Bases on Defensive Interference': '0', 'Total Bases': '4', 'Singles': '0'}, {'name': 'R. Devers', 'Team': 'Boston Red Sox', 'AB': '4', 'Runs': '0', 'Hits': '1', 'RBIs': '0', 'Home Runs': '0', 'Walks': '1', 'Strikeouts': '1', 'AVG': '.261', 'OBP': '.329', 'SLG': '.517', 'Hits+Runs+RBIS': '1', 'Stolen Bases': '0', 'Doubles': '1', 'Triples': '0', 'id': '33859', 'Sac Hits': '0', 'Sac Flies': '0', 'Hit by Pitch': '0', 'Bases on Defensive Interference': '0', 'Total Bases': '2', 'Singles': '0'}, {'name': 'A. Duvall', 'Team': 'Boston Red Sox', 'AB': '3', 'Runs': '1', 'Hits': '1', 'RBIs': '1', 'Home Runs': '1', 'Walks': '1', 'Strikeouts': '0', 'AVG': '.261', 'OBP': '.329', 'SLG': '.542', 'Hits+Runs+RBIS': '3', 'Stolen Bases': '0', 'Doubles': '0', 'Triples': '0', 'id': '32664', 'Sac Hits': '0', 'Sac Flies': '0', 'Hit by Pitch': '0', 'Bases on Defensive Interference': '0', 'Total Bases': '4', 'Singles': '0'}, {'name': 'Y. Chang', 'Team': 'Boston Red Sox', 'AB': '1', 'Runs': '0', 'Hits': '0', 'RBIs': '0', 'Home Runs': '0', 'Walks': '0', 'Strikeouts': '1', 'AVG': '.161', 'OBP': '.207', 'SLG': '.356', 'Hits+Runs+RBIS': '0', 'Stolen Bases': '0', 'Doubles': '0', 'Triples': '0', 'id': '33876', 'Sac Hits': '0', 'Sac Flies': '0', 'Hit by Pitch': '0', 'Bases on Defensive Interference': '0', 'Total Bases': '0', 'Singles': '0'}, {'name': 'M. Yoshida', 'Team': 'Boston Red Sox', 'AB': '5', 'Runs': '0', 'Hits': '0', 'RBIs': '0', 'Home Runs': '0', 'Walks': '0', 'Strikeouts': '3', 'AVG': '.308', 'OBP': '.371', 'SLG': '.487', 'Hits+Runs+RBIS': '0', 'Stolen Bases': '0', 'Doubles': '0', 'Triples': '0', 'id': '4872598', 'Sac Hits': '0', 'Sac Flies': '0', 'Hit by Pitch': '0', 'Bases on Defensive Interference': '0', 'Total Bases': '0', 'Singles': '0'}, {'name': 'C. Arroyo', 'Team': 'Boston Red Sox', 'AB': '3', 'Runs': '0', 'Hits': '1', 'RBIs': '0', 'Home Runs': '0', 'Walks': '0', 'Strikeouts': '1', 'AVG': '.245', 'OBP': '.273', 'SLG': '.372', 'Hits+Runs+RBIS': '1', 'Stolen Bases': '0', 'Doubles': '0', 'Triples': '0', 'id': '33185', 'Sac Hits': '0', 'Sac Flies': '0', 'Hit by Pitch': '0', 'Bases on Defensive Interference': '0', 'Total Bases': '1', 'Singles': '1'}, {'name': 'C. Wong', 'Team': 'Boston Red Sox', 'AB': '2', 'Runs': '0', 'Hits': '0', 'RBIs': '0', 'Home Runs': '0', 'Walks': '0', 'Strikeouts': '2', 'AVG': '.246', 'OBP': '.302', 'SLG': '.393', 'Hits+Runs+RBIS': '0', 'Stolen Bases': '0', 'Doubles': '0', 'Triples': '0', 'id': '40086', 'Sac Hits': '0', 'Sac Flies': '0', 'Hit by Pitch': '0', 'Bases on Defensive Interference': '0', 'Total Bases': '0', 'Singles': '0'}, {'name': 'A. Verdugo', 'Team': 'Boston Red Sox', 'AB': '4', 'Runs': '0', 'Hits': '1', 'RBIs': '0', 'Home Runs': '0', 'Walks': '1', 'Strikeouts': '0', 'AVG': '.272', 'OBP': '.345', 'SLG': '.424', 'Hits+Runs+RBIS': '1', 'Stolen Bases': '0', 'Doubles': '0', 'Triples': '0', 'id': '33786', 'Sac Hits': '0', 'Sac Flies': '0', 'Hit by Pitch': '0', 'Bases on Defensive Interference': '0', 'Total Bases': '1', 'Singles': '1'}, {'name': 'P. Reyes', 'Team': 'Boston Red Sox', 'AB': '1', 'Runs': '0', 'Hits': '0', 'RBIs': '0', 'Home Runs': '0', 'Walks': '0', 'Strikeouts': '0', 'AVG': '.299', 'OBP': '.333', 'SLG': '.358', 'Hits+Runs+RBIS': '0', 'Stolen Bases': '0', 'Doubles': '0', 'Triples': '0', 'id': '35439', 'Sac Hits': '0', 'Sac Flies': '0', 'Hit by Pitch': '0', 'Bases on Defensive Interference': '0', 'Total Bases': '0', 'Singles': '0'}, {'name': 'T. Casas', 'Team': 'Boston Red Sox', 'AB': '3', 'Runs': '0', 'Hits': '1', 'RBIs': '0', 'Home Runs': '0', 'Walks': '0', 'Strikeouts': '0', 'AVG': '.253', 'OBP': '.357', 'SLG': '.483', 'Hits+Runs+RBIS': '1', 'Stolen Bases': '0', 'Doubles': '0', 'Triples': '0', 'id': '41180', 'Sac Hits': '0', 'Sac Flies': '0', 'Hit by Pitch': '0', 'Bases on Defensive Interference': '0', 'Total Bases': '1', 'Singles': '1'}, {'name': 'J. Alfaro', 'Team': 'Boston Red Sox', 'AB': '1', 'Runs': '0', 'Hits': '0', 'RBIs': '0', 'Home Runs': '0', 'Walks': '0', 'Strikeouts': '0', 'AVG': '.146', 'OBP': '.212', 'SLG': '.292', 'Hits+Runs+RBIS': '0', 'Stolen Bases': '0', 'Doubles': '0', 'Triples': '0', 'id': '31737', 'Sac Hits': '0', 'Sac Flies': '0', 'Hit by Pitch': '1', 'Bases on Defensive Interference': '0', 'Total Bases': '0', 'Singles': '0'}, {'name': 'J. Duran', 'Team': 'Boston Red Sox', 'AB': '2', 'Runs': '1', 'Hits': '1', 'RBIs': '0', 'Home Runs': '0', 'Walks': '0', 'Strikeouts': '0', 'AVG': '.315', 'OBP': '.365', 'SLG': '.507', 'Hits+Runs+RBIS': '2', 'Stolen Bases': '0', 'Doubles': '1', 'Triples': '0', 'id': '41610', 'Sac Hits': '0', 'Sac Flies': '0', 'Hit by Pitch': '0', 'Bases on Defensive Interference': '0', 'Total Bases': '2', 'Singles': '0'}], 'awayPitchers': [{'name': 'B. Bernardino', 'Team': 'Boston Red Sox', 'Pitching Outs': 3, 'Hits Allowed': '1', 'Total Runs Allowed': '1', 'Runs Allowed': '1', 'Walks Allowed': '1', 'Strikeouts': '2', 'HR': '0', 'PC-ST': '27-13', 'ERA': '2.50', 'Stolen Bases': '0', 'Doubles': '0', 'Triples': '0', 'Home Runs': '0', 'id': '35876', 'Sac Hits': '0', 'Sac Flies': '0', 'Hit by Pitch': '0', 'Bases on Defensive Interference': '0'}, {'name': 'J. Schreiber', 'Team': 'Boston Red Sox', 'Pitching Outs': 6, 'Hits Allowed': '1', 'Total Runs Allowed': '0', 'Runs Allowed': '0', 'Walks Allowed': '0', 'Strikeouts': '2', 'HR': '0', 'PC-ST': '22-17', 'ERA': '2.18', 'Stolen Bases': '0', 'Doubles': '0', 'Triples': '0', 'Home Runs': '0', 'id': '39949', 'Sac Hits': '0', 'Sac Flies': '0', 'Hit by Pitch': '0', 'Bases on Defensive Interference': '0'}, {'name': 'C. Murphy', 'Team': 'Boston Red Sox', 'Pitching Outs': 10, 'Hits Allowed': '4', 'Total Runs Allowed': '1', 'Runs Allowed': '0', 'Walks Allowed': '0', 'Strikeouts': '1', 'HR': '0', 'PC-ST': '54-37', 'ERA': '1.59', 'Stolen Bases': '0', 'Doubles': '0', 'Triples': '0', 'Home Runs': '0', 'id': '4084958', 'Sac Hits': '0', 'Sac Flies': '0', 'Hit by Pitch': '0', 'Bases on Defensive Interference': '0'}, {'name': 'J. Winckowski', 'Team': 'Boston Red Sox', 'Pitching Outs': 4, 'Hits Allowed': '3', 'Total Runs Allowed': '1', 'Runs Allowed': '1', 'Walks Allowed': '0', 'Strikeouts': '1', 'HR': '0', 'PC-ST': '19-16', 'ERA': '2.95', 'Stolen Bases': '0', 'Doubles': '0', 'Triples': '0', 'Home Runs': '0', 'id': '4713488', 'Sac Hits': '0', 'Sac Flies': '0', 'Hit by Pitch': '0', 'Bases on Defensive Interference': '0'}, {'name': 'R. Bleier', 'Team': 'Boston Red Sox', 'Pitching Outs': 3, 'Hits Allowed': '0', 'Total Runs Allowed': '0', 'Runs Allowed': '0', 'Walks Allowed': '0', 'Strikeouts': '0', 'HR': '0', 'PC-ST': '15-11', 'ERA': '4.73', 'Stolen Bases': '0', 'Doubles': '0', 'Triples': '0', 'Home Runs': '0', 'id': '33513', 'Sac Hits': '0', 'Sac Flies': '0', 'Hit by Pitch': '0', 'Bases on Defensive Interference': '0'}, {'name': 'C. Martin', 'Team': 'Boston Red Sox', 'Pitching Outs': 3, 'Hits Allowed': '0', 'Total Runs Allowed': '0', 'Runs Allowed': '0', 'Walks Allowed': '2', 'Strikeouts': '0', 'HR': '0', 'PC-ST': '9-6', 'ERA': '1.62', 'Stolen Bases': '0', 'Doubles': '0', 'Triples': '0', 'Home Runs': '0', 'id': '32903', 'Sac Hits': '0', 'Sac Flies': '0', 'Hit by Pitch': '0', 'Bases on Defensive Interference': '0'}, {'name': 'M. Llovera', 'Team': 'Boston Red Sox', 'Pitching Outs': 0, 'Hits Allowed': '2', 'Total Runs Allowed': '1', 'Runs Allowed': '0', 'Walks Allowed': '0', 'Strikeouts': '0', 'HR': '0', 'PC-ST': '12-6', 'ERA': '1.42', 'Extra': 'L, 1-1', 'Stolen Bases': '0', 'Doubles': '0', 'Triples': '0', 'Home Runs': '0', 'id': '41564', 'Sac Hits': '0', 'Sac Flies': '0', 'Hit by Pitch': '0', 'Bases on Defensive Interference': '0'}], 'players': [{'name': 'R. Refsnyder', 'Team': 'Boston Red Sox', 'AB': '5', 'Runs': '0', 'Hits': '1', 'RBIs': '0', 'Home Runs': '0', 'Walks': '0', 'Strikeouts': '1', 'AVG': '.272', 'OBP': '.387', 'SLG': '.344', 'Hits+Runs+RBIS': '1', 'Stolen Bases': '0', 'Doubles': '0', 'Triples': '0', 'id': '33411', 'Sac Hits': '0', 'Sac Flies': '0', 'Hit by Pitch': '0', 'Bases on Defensive Interference': '0', 'Total Bases': '1', 'Singles': '1'}, {'name': 'J. Turner', 'Team': 'Boston Red Sox', 'AB': '5', 'Runs': '1', 'Hits': '1', 'RBIs': '2', 'Home Runs': '1', 'Walks': '0', 'Strikeouts': '0', 'AVG': '.287', 'OBP': '.356', 'SLG': '.483', 'Hits+Runs+RBIS': '4', 'Stolen Bases': '0', 'Doubles': '0', 'Triples': '0', 'id': '29607', 'Sac Hits': '0', 'Sac Flies': '0', 'Hit by Pitch': '0', 'Bases on Defensive Interference': '0', 'Total Bases': '4', 'Singles': '0'}, {'name': 'R. Devers', 'Team': 'Boston Red Sox', 'AB': '4', 'Runs': '0', 'Hits': '1', 'RBIs': '0', 'Home Runs': '0', 'Walks': '1', 'Strikeouts': '1', 'AVG': '.261', 'OBP': '.329', 'SLG': '.517', 'Hits+Runs+RBIS': '1', 'Stolen Bases': '0', 'Doubles': '1', 'Triples': '0', 'id': '33859', 'Sac Hits': '0', 'Sac Flies': '0', 'Hit by Pitch': '0', 'Bases on Defensive Interference': '0', 'Total Bases': '2', 'Singles': '0'}, {'name': 'A. Duvall', 'Team': 'Boston Red Sox', 'AB': '3', 'Runs': '1', 'Hits': '1', 'RBIs': '1', 'Home Runs': '1', 'Walks': '1', 'Strikeouts': '0', 'AVG': '.261', 'OBP': '.329', 'SLG': '.542', 'Hits+Runs+RBIS': '3', 'Stolen Bases': '0', 'Doubles': '0', 'Triples': '0', 'id': '32664', 'Sac Hits': '0', 'Sac Flies': '0', 'Hit by Pitch': '0', 'Bases on Defensive Interference': '0', 'Total Bases': '4', 'Singles': '0'}, {'name': 'Y. Chang', 'Team': 'Boston Red Sox', 'AB': '1', 'Runs': '0', 'Hits': '0', 'RBIs': '0', 'Home Runs': '0', 'Walks': '0', 'Strikeouts': '1', 'AVG': '.161', 'OBP': '.207', 'SLG': '.356', 'Hits+Runs+RBIS': '0', 'Stolen Bases': '0', 'Doubles': '0', 'Triples': '0', 'id': '33876', 'Sac Hits': '0', 'Sac Flies': '0', 'Hit by Pitch': '0', 'Bases on Defensive Interference': '0', 'Total Bases': '0', 'Singles': '0'}, {'name': 'M. Yoshida', 'Team': 'Boston Red Sox', 'AB': '5', 'Runs': '0', 'Hits': '0', 'RBIs': '0', 'Home Runs': '0', 'Walks': '0', 'Strikeouts': '3', 'AVG': '.308', 'OBP': '.371', 'SLG': '.487', 'Hits+Runs+RBIS': '0', 'Stolen Bases': '0', 'Doubles': '0', 'Triples': '0', 'id': '4872598', 'Sac Hits': '0', 'Sac Flies': '0', 'Hit by Pitch': '0', 'Bases on Defensive Interference': '0', 'Total Bases': '0', 'Singles': '0'}, {'name': 'C. Arroyo', 'Team': 'Boston Red Sox', 'AB': '3', 'Runs': '0', 'Hits': '1', 'RBIs': '0', 'Home Runs': '0', 'Walks': '0', 'Strikeouts': '1', 'AVG': '.245', 'OBP': '.273', 'SLG': '.372', 'Hits+Runs+RBIS': '1', 'Stolen Bases': '0', 'Doubles': '0', 'Triples': '0', 'id': '33185', 'Sac Hits': '0', 'Sac Flies': '0', 'Hit by Pitch': '0', 'Bases on Defensive Interference': '0', 'Total Bases': '1', 'Singles': '1'}, {'name': 'C. Wong', 'Team': 'Boston Red Sox', 'AB': '2', 'Runs': '0', 'Hits': '0', 'RBIs': '0', 'Home Runs': '0', 'Walks': '0', 'Strikeouts': '2', 'AVG': '.246', 'OBP': '.302', 'SLG': '.393', 'Hits+Runs+RBIS': '0', 'Stolen Bases': '0', 'Doubles': '0', 'Triples': '0', 'id': '40086', 'Sac Hits': '0', 'Sac Flies': '0', 'Hit by Pitch': '0', 'Bases on Defensive Interference': '0', 'Total Bases': '0', 'Singles': '0'}, {'name': 'A. Verdugo', 'Team': 'Boston Red Sox', 'AB': '4', 'Runs': '0', 'Hits': '1', 'RBIs': '0', 'Home Runs': '0', 'Walks': '1', 'Strikeouts': '0', 'AVG': '.272', 'OBP': '.345', 'SLG': '.424', 'Hits+Runs+RBIS': '1', 'Stolen Bases': '0', 'Doubles': '0', 'Triples': '0', 'id': '33786', 'Sac Hits': '0', 'Sac Flies': '0', 'Hit by Pitch': '0', 'Bases on Defensive Interference': '0', 'Total Bases': '1', 'Singles': '1'}, {'name': 'P. Reyes', 'Team': 'Boston Red Sox', 'AB': '1', 'Runs': '0', 'Hits': '0', 'RBIs': '0', 'Home Runs': '0', 'Walks': '0', 'Strikeouts': '0', 'AVG': '.299', 'OBP': '.333', 'SLG': '.358', 'Hits+Runs+RBIS': '0', 'Stolen Bases': '0', 'Doubles': '0', 'Triples': '0', 'id': '35439', 'Sac Hits': '0', 'Sac Flies': '0', 'Hit by Pitch': '0', 'Bases on Defensive Interference': '0', 'Total Bases': '0', 'Singles': '0'}, {'name': 'T. Casas', 'Team': 'Boston Red Sox', 'AB': '3', 'Runs': '0', 'Hits': '1', 'RBIs': '0', 'Home Runs': '0', 'Walks': '0', 'Strikeouts': '0', 'AVG': '.253', 'OBP': '.357', 'SLG': '.483', 'Hits+Runs+RBIS': '1', 'Stolen Bases': '0', 'Doubles': '0', 'Triples': '0', 'id': '41180', 'Sac Hits': '0', 'Sac Flies': '0', 'Hit by Pitch': '0', 'Bases on Defensive Interference': '0', 'Total Bases': '1', 'Singles': '1'}, {'name': 'J. Alfaro', 'Team': 'Boston Red Sox', 'AB': '1', 'Runs': '0', 'Hits': '0', 'RBIs': '0', 'Home Runs': '0', 'Walks': '0', 'Strikeouts': '0', 'AVG': '.146', 'OBP': '.212', 'SLG': '.292', 'Hits+Runs+RBIS': '0', 'Stolen Bases': '0', 'Doubles': '0', 'Triples': '0', 'id': '31737', 'Sac Hits': '0', 'Sac Flies': '0', 'Hit by Pitch': '1', 'Bases on Defensive Interference': '0', 'Total Bases': '0', 'Singles': '0'}, {'name': 'J. Duran', 'Team': 'Boston Red Sox', 'AB': '2', 'Runs': '1', 'Hits': '1', 'RBIs': '0', 'Home Runs': '0', 'Walks': '0', 'Strikeouts': '0', 'AVG': '.315', 'OBP': '.365', 'SLG': '.507', 'Hits+Runs+RBIS': '2', 'Stolen Bases': '0', 'Doubles': '1', 'Triples': '0', 'id': '41610', 'Sac Hits': '0', 'Sac Flies': '0', 'Hit by Pitch': '0', 'Bases on Defensive Interference': '0', 'Total Bases': '2', 'Singles': '0'}, {'name': 'B. Bernardino', 'Team': 'Boston Red Sox', 'Pitching Outs': 3, 'Hits Allowed': '1', 'Total Runs Allowed': '1', 'Runs Allowed': '1', 'Walks Allowed': '1', 'Strikeouts': '2', 'HR': '0', 'PC-ST': '27-13', 'ERA': '2.50', 'Stolen Bases': '0', 'Doubles': '0', 'Triples': '0', 'Home Runs': '0', 'id': '35876', 'Sac Hits': '0', 'Sac Flies': '0', 'Hit by Pitch': '0', 'Bases on Defensive Interference': '0'}, {'name': 'J. Schreiber', 'Team': 'Boston Red Sox', 'Pitching Outs': 6, 'Hits Allowed': '1', 'Total Runs Allowed': '0', 'Runs Allowed': '0', 'Walks Allowed': '0', 'Strikeouts': '2', 'HR': '0', 'PC-ST': '22-17', 'ERA': '2.18', 'Stolen Bases': '0', 'Doubles': '0', 'Triples': '0', 'Home Runs': '0', 'id': '39949', 'Sac Hits': '0', 'Sac Flies': '0', 'Hit by Pitch': '0', 'Bases on Defensive Interference': '0'}, {'name': 'C. Murphy', 'Team': 'Boston Red Sox', 'Pitching Outs': 10, 'Hits Allowed': '4', 'Total Runs Allowed': '1', 'Runs Allowed': '0', 'Walks Allowed': '0', 'Strikeouts': '1', 'HR': '0', 'PC-ST': '54-37', 'ERA': '1.59', 'Stolen Bases': '0', 'Doubles': '0', 'Triples': '0', 'Home Runs': '0', 'id': '4084958', 'Sac Hits': '0', 'Sac Flies': '0', 'Hit by Pitch': '0', 'Bases on Defensive Interference': '0'}, {'name': 'J. Winckowski', 'Team': 'Boston Red Sox', 'Pitching Outs': 4, 'Hits Allowed': '3', 'Total Runs Allowed': '1', 'Runs Allowed': '1', 'Walks Allowed': '0', 'Strikeouts': '1', 'HR': '0', 'PC-ST': '19-16', 'ERA': '2.95', 'Stolen Bases': '0', 'Doubles': '0', 'Triples': '0', 'Home Runs': '0', 'id': '4713488', 'Sac Hits': '0', 'Sac Flies': '0', 'Hit by Pitch': '0', 'Bases on Defensive Interference': '0'}, {'name': 'R. Bleier', 'Team': 'Boston Red Sox', 'Pitching Outs': 3, 'Hits Allowed': '0', 'Total Runs Allowed': '0', 'Runs Allowed': '0', 'Walks Allowed': '0', 'Strikeouts': '0', 'HR': '0', 'PC-ST': '15-11', 'ERA': '4.73', 'Stolen Bases': '0', 'Doubles': '0', 'Triples': '0', 'Home Runs': '0', 'id': '33513', 'Sac Hits': '0', 'Sac Flies': '0', 'Hit by Pitch': '0', 'Bases on Defensive Interference': '0'}, {'name': 'C. Martin', 'Team': 'Boston Red Sox', 'Pitching Outs': 3, 'Hits Allowed': '0', 'Total Runs Allowed': '0', 'Runs Allowed': '0', 'Walks Allowed': '2', 'Strikeouts': '0', 'HR': '0', 'PC-ST': '9-6', 'ERA': '1.62', 'Stolen Bases': '0', 'Doubles': '0', 'Triples': '0', 'Home Runs': '0', 'id': '32903', 'Sac Hits': '0', 'Sac Flies': '0', 'Hit by Pitch': '0', 'Bases on Defensive Interference': '0'}, {'name': 'M. Llovera', 'Team': 'Boston Red Sox', 'Pitching Outs': 0, 'Hits Allowed': '2', 'Total Runs Allowed': '1', 'Runs Allowed': '0', 'Walks Allowed': '0', 'Strikeouts': '0', 'HR': '0', 'PC-ST': '12-6', 'ERA': '1.42', 'Extra': 'L, 1-1', 'Stolen Bases': '0', 'Doubles': '0', 'Triples': '0', 'Home Runs': '0', 'id': '41564', 'Sac Hits': '0', 'Sac Flies': '0', 'Hit by Pitch': '0', 'Bases on Defensive Interference': '0'}]}","{'Away': ['0', '0', '0', '0', '0', '0', '1', '2', '0', '0', '0', '3', 8, 1], 'Home': ['0', '1', '0', '0', '1', '0', '0', '1', '0', '0', '1', '4', 11, 0], 'Labels': [1, 2, 3, 4, 5, 6, 7, 8, 9, 10, 11, 'Runs', 'Home Runs', 'Errors']}",False,mlb,20230730
Cincinnati Reds@Los Angeles Dodgers,"{'homeShort': 'LAD', 'homeTeam': 'Los Angeles Dodgers', 'homeHitters': [{'name': 'D. Peralta', 'Team': 'Los Angeles Dodgers', 'AB': '4', 'Runs': '0', 'Hits': '0', 'RBIs': '0', 'Home Runs': '0', 'Walks': '0', 'Strikeouts': '2', 'AVG': '.274', 'OBP': '.310', 'SLG': '.409', 'Hits+Runs+RBIS': '0', 'Stolen Bases': '0', 'Doubles': '0', 'Triples': '0', 'id': '33384', 'Sac Hits': '0', 'Sac Flies': '0', 'Hit by Pitch': '0', 'Bases on Defensive Interference': '0', 'Total Bases': '0', 'Singles': '0'}, {'name': 'F. Freeman', 'Team': 'Los Angeles Dodgers', 'AB': '3', 'Runs': '0', 'Hits': '2', 'RBIs': '0', 'Home Runs': '0', 'Walks': '0', 'Strikeouts': '0', 'AVG': '.329', 'OBP': '.409', 'SLG': '.575', 'Hits+Runs+RBIS': '2', 'Stolen Bases': '1', 'Doubles': '0', 'Triples': '0', 'id': '30193', 'Sac Hits': '0', 'Sac Flies': '0', 'Hit by Pitch': '0', 'Bases on Defensive Interference': '0', 'Total Bases': '2', 'Singles': '2'}, {'name': 'A. Rosario', 'Team': 'Los Angeles Dodgers', 'AB': '1', 'Runs': '0', 'Hits': '1', 'RBIs': '0', 'Home Runs': '0', 'Walks': '0', 'Strikeouts': '0', 'AVG': '.269', 'OBP': '.309', 'SLG': '.374', 'Hits+Runs+RBIS': '1', 'Stolen Bases': '0', 'Doubles': '0', 'Triples': '0', 'id': '33215', 'Sac Hits': '0', 'Sac Flies': '0', 'Hit by Pitch': '0', 'Bases on Defensive Interference': '0', 'Total Bases': '1', 'Singles': '1'}, {'name': 'W. Smith', 'Team': 'Los Angeles Dodgers', 'AB': '0', 'Runs': '0', 'Hits': '0', 'RBIs': '0', 'Home Runs': '0', 'Walks': '0', 'Strikeouts': '0', 'AVG': '.279', 'OBP': '.388', 'SLG': '.474', 'Hits+Runs+RBIS': '0', 'Stolen Bases': '0', 'Doubles': '0', 'Triples': '0', 'id': '38309', 'Sac Hits': '0', 'Sac Flies': '0', 'Hit by Pitch': '1', 'Bases on Defensive Interference': '0', 'Total Bases': '0', 'Singles': '0'}, {'name': 'A. Barnes', 'Team': 'Los Angeles Dodgers', 'AB': '3', 'Runs': '0', 'Hits': '1', 'RBIs': '0', 'Home Runs': '0', 'Walks': '0', 'Strikeouts': '0', 'AVG': '.116', 'OBP': '.200', 'SLG': '.134', 'Hits+Runs+RBIS': '1', 'Stolen Bases': '0', 'Doubles': '0', 'Triples': '0', 'id': '32856', 'Sac Hits': '0', 'Sac Flies': '0', 'Hit by Pitch': '0', 'Bases on Defensive Interference': '0', 'Total Bases': '1', 'Singles': '1'}, {'name': 'M. Muncy', 'Team': 'Los Angeles Dodgers', 'AB': '4', 'Runs': '0', 'Hits': '0', 'RBIs': '0', 'Home Runs': '0', 'Walks': '0', 'Strikeouts': '1', 'AVG': '.197', 'OBP': '.327', 'SLG': '.489', 'Hits+Runs+RBIS': '0', 'Stolen Bases': '0', 'Doubles': '0', 'Triples': '0', 'id': '33303', 'Sac Hits': '0', 'Sac Flies': '0', 'Hit by Pitch': '0', 'Bases on Defensive Interference': '0', 'Total Bases': '0', 'Singles': '0'}, {'name': 'J.D. Martinez', 'Team': 'Los Angeles Dodgers', 'AB': '0', 'Runs': '0', 'Hits': '0', 'RBIs': '0', 'Home Runs': '0', 'Walks': '0', 'Strikeouts': '0', 'AVG': '.260', 'OBP': '.310', 'SLG': '.562', 'Hits+Runs+RBIS': '0', 'Stolen Bases': '0', 'Doubles': '0', 'Triples': '0', 'id': '31065', 'Sac Hits': '0', 'Sac Flies': '0', 'Hit by Pitch': '0', 'Bases on Defensive Interference': '0', 'Total Bases': '0', 'Singles': '0'}, {'name': 'C. Taylor', 'Team': 'Los Angeles Dodgers', 'AB': '3', 'Runs': '0', 'Hits': '1', 'RBIs': '0', 'Home Runs': '0', 'Walks': '0', 'Strikeouts': '1', 'AVG': '.214', 'OBP': '.282', 'SLG': '.442', 'Hits+Runs+RBIS': '1', 'Stolen Bases': '0', 'Doubles': '0', 'Triples': '0', 'id': '32900', 'Sac Hits': '0', 'Sac Flies': '0', 'Hit by Pitch': '0', 'Bases on Defensive Interference': '0', 'Total Bases': '1', 'Singles': '1'}, {'name': 'J. Outman', 'Team': 'Los Angeles Dodgers', 'AB': '3', 'Runs': '0', 'Hits': '1', 'RBIs': '0', 'Home Runs': '0', 'Walks': '0', 'Strikeouts': '0', 'AVG': '.248', 'OBP': '.344', 'SLG': '.423', 'Hits+Runs+RBIS': '1', 'Stolen Bases': '0', 'Doubles': '0', 'Triples': '0', 'id': '41802', 'Sac Hits': '0', 'Sac Flies': '0', 'Hit by Pitch': '0', 'Bases on Defensive Interference': '0', 'Total Bases': '1', 'Singles': '1'}, {'name': 'J. Heyward', 'Team': 'Los Angeles Dodgers', 'AB': '3', 'Runs': '0', 'Hits': '0', 'RBIs': '0', 'Home Runs': '0', 'Walks': '0', 'Strikeouts': '1', 'AVG': '.245', 'OBP': '.340', 'SLG': '.461', 'Hits+Runs+RBIS': '0', 'Stolen Bases': '0', 'Doubles': '0', 'Triples': '0', 'id': '29551', 'Sac Hits': '0', 'Sac Flies': '0', 'Hit by Pitch': '0', 'Bases on Defensive Interference': '0', 'Total Bases': '0', 'Singles': '0'}, {'name': 'E. Hernández', 'Team': 'Los Angeles Dodgers', 'AB': '3', 'Runs': '0', 'Hits': '0', 'RBIs': '0', 'Home Runs': '0', 'Walks': '0', 'Strikeouts': '0', 'AVG': '.225', 'OBP': '.280', 'SLG': '.324', 'Hits+Runs+RBIS': '0', 'Stolen Bases': '0', 'Doubles': '0', 'Triples': '0', 'id': '31358', 'Sac Hits': '0', 'Sac Flies': '0', 'Hit by Pitch': '0', 'Bases on Defensive Interference': '0', 'Total Bases': '0', 'Singles': '0'}, {'name': 'M. Rojas', 'Team': 'Los Angeles Dodgers', 'AB': '3', 'Runs': '0', 'Hits': '0', 'RBIs': '0', 'Home Runs': '0', 'Walks': '0', 'Strikeouts': '1', 'AVG': '.218', 'OBP': '.274', 'SLG': '.263', 'Hits+Runs+RBIS': '0', 'Stolen Bases': '0', 'Doubles': '0', 'Triples': '0', 'id': '30791', 'Sac Hits': '0', 'Sac Flies': '0', 'Hit by Pitch': '0', 'Bases on Defensive Interference': '0', 'Total Bases': '0', 'Singles': '0'}], 'homePitchers': [{'name': 'M. Grove', 'Team': 'Los Angeles Dodgers', 'Pitching Outs': 18, 'Hits Allowed': '10', 'Total Runs Allowed': '8', 'Runs Allowed': '8', 'Walks Allowed': '1', 'Strikeouts': '10', 'HR': '3', 'PC-ST': '96-65', 'ERA': '6.75', 'Extra': 'L, 2-3', 'Stolen Bases': '0', 'Doubles': '0', 'Triples': '0', 'Home Runs': '0', 'id': '41242', 'Sac Hits': '0', 'Sac Flies': '0', 'Hit by Pitch': '0', 'Bases on Defensive Interference': '0'}, {'name': 'R. Brasier', 'Team': 'Los Angeles Dodgers', 'Pitching Outs': 3, 'Hits Allowed': '1', 'Total Runs Allowed': '0', 'Runs Allowed': '0', 'Walks Allowed': '0', 'Strikeouts': '1', 'HR': '0', 'PC-ST': '15-12', 'ERA': '4.50', 'Stolen Bases': '0', 'Doubles': '0', 'Triples': '0', 'Home Runs': '0', 'id': '30189', 'Sac Hits': '0', 'Sac Flies': '0', 'Hit by Pitch': '0', 'Bases on Defensive Interference': '0'}, {'name': 'A. Vesia', 'Team': 'Los Angeles Dodgers', 'Pitching Outs': 3, 'Hits Allowed': '1', 'Total Runs Allowed': '0', 'Runs Allowed': '0', 'Walks Allowed': '0', 'Strikeouts': '2', 'HR': '0', 'PC-ST': '10-9', 'ERA': '5.59', 'Stolen Bases': '0', 'Doubles': '0', 'Triples': '0', 'Home Runs': '0', 'id': '42622', 'Sac Hits': '0', 'Sac Flies': '0', 'Hit by Pitch': '0', 'Bases on Defensive Interference': '0'}, {'name': 'M. Rojas', 'Team': 'Los Angeles Dodgers', 'Pitching Outs': 3, 'Hits Allowed': '2', 'Total Runs Allowed': '1', 'Runs Allowed': '1', 'Walks Allowed': '0', 'Strikeouts': '0', 'HR': '0', 'PC-ST': '13-7', 'ERA': '9.00', 'Stolen Bases': '0', 'Doubles': '0', 'Triples': '0', 'Home Runs': '0', 'id': '30791', 'Sac Hits': '0', 'Sac Flies': '0', 'Hit by Pitch': '0', 'Bases on Defensive Interference': '0'}], 'players': [{'name': 'D. Peralta', 'Team': 'Los Angeles Dodgers', 'AB': '4', 'Runs': '0', 'Hits': '0', 'RBIs': '0', 'Home Runs': '0', 'Walks': '0', 'Strikeouts': '2', 'AVG': '.274', 'OBP': '.310', 'SLG': '.409', 'Hits+Runs+RBIS': '0', 'Stolen Bases': '0', 'Doubles': '0', 'Triples': '0', 'id': '33384', 'Sac Hits': '0', 'Sac Flies': '0', 'Hit by Pitch': '0', 'Bases on Defensive Interference': '0', 'Total Bases': '0', 'Singles': '0'}, {'name': 'F. Freeman', 'Team': 'Los Angeles Dodgers', 'AB': '3', 'Runs': '0', 'Hits': '2', 'RBIs': '0', 'Home Runs': '0', 'Walks': '0', 'Strikeouts': '0', 'AVG': '.329', 'OBP': '.409', 'SLG': '.575', 'Hits+Runs+RBIS': '2', 'Stolen Bases': '1', 'Doubles': '0', 'Triples': '0', 'id': '30193', 'Sac Hits': '0', 'Sac Flies': '0', 'Hit by Pitch': '0', 'Bases on Defensive Interference': '0', 'Total Bases': '2', 'Singles': '2'}, {'name': 'A. Rosario', 'Team': 'Los Angeles Dodgers', 'AB': '1', 'Runs': '0', 'Hits': '1', 'RBIs': '0', 'Home Runs': '0', 'Walks': '0', 'Strikeouts': '0', 'AVG': '.269', 'OBP': '.309', 'SLG': '.374', 'Hits+Runs+RBIS': '1', 'Stolen Bases': '0', 'Doubles': '0', 'Triples': '0', 'id': '33215', 'Sac Hits': '0', 'Sac Flies': '0', 'Hit by Pitch': '0', 'Bases on Defensive Interference': '0', 'Total Bases': '1', 'Singles': '1'}, {'name': 'W. Smith', 'Team': 'Los Angeles Dodgers', 'AB': '0', 'Runs': '0', 'Hits': '0', 'RBIs': '0', 'Home Runs': '0', 'Walks': '0', 'Strikeouts': '0', 'AVG': '.279', 'OBP': '.388', 'SLG': '.474', 'Hits+Runs+RBIS': '0', 'Stolen Bases': '0', 'Doubles': '0', 'Triples': '0', 'id': '38309', 'Sac Hits': '0', 'Sac Flies': '0', 'Hit by Pitch': '1', 'Bases on Defensive Interference': '0', 'Total Bases': '0', 'Singles': '0'}, {'name': 'A. Barnes', 'Team': 'Los Angeles Dodgers', 'AB': '3', 'Runs': '0', 'Hits': '1', 'RBIs': '0', 'Home Runs': '0', 'Walks': '0', 'Strikeouts': '0', 'AVG': '.116', 'OBP': '.200', 'SLG': '.134', 'Hits+Runs+RBIS': '1', 'Stolen Bases': '0', 'Doubles': '0', 'Triples': '0', 'id': '32856', 'Sac Hits': '0', 'Sac Flies': '0', 'Hit by Pitch': '0', 'Bases on Defensive Interference': '0', 'Total Bases': '1', 'Singles': '1'}, {'name': 'M. Muncy', 'Team': 'Los Angeles Dodgers', 'AB': '4', 'Runs': '0', 'Hits': '0', 'RBIs': '0', 'Home Runs': '0', 'Walks': '0', 'Strikeouts': '1', 'AVG': '.197', 'OBP': '.327', 'SLG': '.489', 'Hits+Runs+RBIS': '0', 'Stolen Bases': '0', 'Doubles': '0', 'Triples': '0', 'id': '33303', 'Sac Hits': '0', 'Sac Flies': '0', 'Hit by Pitch': '0', 'Bases on Defensive Interference': '0', 'Total Bases': '0', 'Singles': '0'}, {'name': 'J.D. Martinez', 'Team': 'Los Angeles Dodgers', 'AB': '0', 'Runs': '0', 'Hits': '0', 'RBIs': '0', 'Home Runs': '0', 'Walks': '0', 'Strikeouts': '0', 'AVG': '.260', 'OBP': '.310', 'SLG': '.562', 'Hits+Runs+RBIS': '0', 'Stolen Bases': '0', 'Doubles': '0', 'Triples': '0', 'id': '31065', 'Sac Hits': '0', 'Sac Flies': '0', 'Hit by Pitch': '0', 'Bases on Defensive Interference': '0', 'Total Bases': '0', 'Singles': '0'}, {'name': 'C. Taylor', 'Team': 'Los Angeles Dodgers', 'AB': '3', 'Runs': '0', 'Hits': '1', 'RBIs': '0', 'Home Runs': '0', 'Walks': '0', 'Strikeouts': '1', 'AVG': '.214', 'OBP': '.282', 'SLG': '.442', 'Hits+Runs+RBIS': '1', 'Stolen Bases': '0', 'Doubles': '0', 'Triples': '0', 'id': '32900', 'Sac Hits': '0', 'Sac Flies': '0', 'Hit by Pitch': '0', 'Bases on Defensive Interference': '0', 'Total Bases': '1', 'Singles': '1'}, {'name': 'J. Outman', 'Team': 'Los Angeles Dodgers', 'AB': '3', 'Runs': '0', 'Hits': '1', 'RBIs': '0', 'Home Runs': '0', 'Walks': '0', 'Strikeouts': '0', 'AVG': '.248', 'OBP': '.344', 'SLG': '.423', 'Hits+Runs+RBIS': '1', 'Stolen Bases': '0', 'Doubles': '0', 'Triples': '0', 'id': '41802', 'Sac Hits': '0', 'Sac Flies': '0', 'Hit by Pitch': '0', 'Bases on Defensive Interference': '0', 'Total Bases': '1', 'Singles': '1'}, {'name': 'J. Heyward', 'Team': 'Los Angeles Dodgers', 'AB': '3', 'Runs': '0', 'Hits': '0', 'RBIs': '0', 'Home Runs': '0', 'Walks': '0', 'Strikeouts': '1', 'AVG': '.245', 'OBP': '.340', 'SLG': '.461', 'Hits+Runs+RBIS': '0', 'Stolen Bases': '0', 'Doubles': '0', 'Triples': '0', 'id': '29551', 'Sac Hits': '0', 'Sac Flies': '0', 'Hit by Pitch': '0', 'Bases on Defensive Interference': '0', 'Total Bases': '0', 'Singles': '0'}, {'name': 'E. Hernández', 'Team': 'Los Angeles Dodgers', 'AB': '3', 'Runs': '0', 'Hits': '0', 'RBIs': '0', 'Home Runs': '0', 'Walks': '0', 'Strikeouts': '0', 'AVG': '.225', 'OBP': '.280', 'SLG': '.324', 'Hits+Runs+RBIS': '0', 'Stolen Bases': '0', 'Doubles': '0', 'Triples': '0', 'id': '31358', 'Sac Hits': '0', 'Sac Flies': '0', 'Hit by Pitch': '0', 'Bases on Defensive Interference': '0', 'Total Bases': '0', 'Singles': '0'}, {'name': 'M. Rojas', 'Team': 'Los Angeles Dodgers', 'AB': '3', 'Runs': '0', 'Hits': '0', 'RBIs': '0', 'Home Runs': '0', 'Walks': '0', 'Strikeouts': '1', 'AVG': '.218', 'OBP': '.274', 'SLG': '.263', 'Hits+Runs+RBIS': '0', 'Stolen Bases': '0', 'Doubles': '0', 'Triples': '0', 'id': '30791', 'Sac Hits': '0', 'Sac Flies': '0', 'Hit by Pitch': '0', 'Bases on Defensive Interference': '0', 'Total Bases': '0', 'Singles': '0'}, {'name': 'M. Grove', 'Team': 'Los Angeles Dodgers', 'Pitching Outs': 18, 'Hits Allowed': '10', 'Total Runs Allowed': '8', 'Runs Allowed': '8', 'Walks Allowed': '1', 'Strikeouts': '10', 'HR': '3', 'PC-ST': '96-65', 'ERA': '6.75', 'Extra': 'L, 2-3', 'Stolen Bases': '0', 'Doubles': '0', 'Triples': '0', 'Home Runs': '0', 'id': '41242', 'Sac Hits': '0', 'Sac Flies': '0', 'Hit by Pitch': '0', 'Bases on Defensive Interference': '0'}, {'name': 'R. Brasier', 'Team': 'Los Angeles Dodgers', 'Pitching Outs': 3, 'Hits Allowed': '1', 'Total Runs Allowed': '0', 'Runs Allowed': '0', 'Walks Allowed': '0', 'Strikeouts': '1', 'HR': '0', 'PC-ST': '15-12', 'ERA': '4.50', 'Stolen Bases': '0', 'Doubles': '0', 'Triples': '0', 'Home Runs': '0', 'id': '30189', 'Sac Hits': '0', 'Sac Flies': '0', 'Hit by Pitch': '0', 'Bases on Defensive Interference': '0'}, {'name': 'A. Vesia', 'Team': 'Los Angeles Dodgers', 'Pitching Outs': 3, 'Hits Allowed': '1', 'Total Runs Allowed': '0', 'Runs Allowed': '0', 'Walks Allowed': '0', 'Strikeouts': '2', 'HR': '0', 'PC-ST': '10-9', 'ERA': '5.59', 'Stolen Bases': '0', 'Doubles': '0', 'Triples': '0', 'Home Runs': '0', 'id': '42622', 'Sac Hits': '0', 'Sac Flies': '0', 'Hit by Pitch': '0', 'Bases on Defensive Interference': '0'}, {'name': 'M. Rojas', 'Team': 'Los Angeles Dodgers', 'Pitching Outs': 3, 'Hits Allowed': '2', 'Total Runs Allowed': '1', 'Runs Allowed': '1', 'Walks Allowed': '0', 'Strikeouts': '0', 'HR': '0', 'PC-ST': '13-7', 'ERA': '9.00', 'Stolen Bases': '0', 'Doubles': '0', 'Triples': '0', 'Home Runs': '0', 'id': '30791', 'Sac Hits': '0', 'Sac Flies': '0', 'Hit by Pitch': '0', 'Bases on Defensive Interference': '0'}]}","{'awayShort': 'CIN', 'awayTeam': 'Cincinnati Reds', 'awayHitters': [{'name': 'E. De La Cruz', 'Team': 'Cincinnati Reds', 'AB': '5', 'Runs': '2', 'Hits': '4', 'RBIs': '1', 'Home Runs': '1', 'Walks': '0', 'Strikeouts': '1', 'AVG': '.277', 'OBP': '.322', 'SLG': '.473', 'Hits+Runs+RBIS': '7', 'Stolen Bases': '0', 'Doubles': '0', 'Triples': '0', 'id': '4917694', 'Sac Hits': '0', 'Sac Flies': '0', 'Hit by Pitch': '0', 'Bases on Defensive Interference': '0', 'Total Bases': '7', 'Singles': '3'}, {'name': 'T. Friedl', 'Team': 'Cincinnati Reds', 'AB': '5', 'Runs': '1', 'Hits': '2', 'RBIs': '2', 'Home Runs': '0', 'Walks': '0', 'Strikeouts': '1', 'AVG': '.281', 'OBP': '.349', 'SLG': '.427', 'Hits+Runs+RBIS': '5', 'Stolen Bases': '0', 'Doubles': '1', 'Triples': '0', 'id': '36020', 'Sac Hits': '0', 'Sac Flies': '0', 'Hit by Pitch': '0', 'Bases on Defensive Interference': '0', 'Total Bases': '3', 'Singles': '1'}, {'name': 'M. McLain', 'Team': 'Cincinnati Reds', 'AB': '3', 'Runs': '2', 'Hits': '1', 'RBIs': '1', 'Home Runs': '1', 'Walks': '0', 'Strikeouts': '1', 'AVG': '.305', 'OBP': '.375', 'SLG': '.530', 'Hits+Runs+RBIS': '4', 'Stolen Bases': '0', 'Doubles': '0', 'Triples': '0', 'id': '4422899', 'Sac Hits': '0', 'Sac Flies': '0', 'Hit by Pitch': '1', 'Bases on Defensive Interference': '0', 'Total Bases': '4', 'Singles': '0'}, {'name': 'K. Newman', 'Team': 'Cincinnati Reds', 'AB': '1', 'Runs': '1', 'Hits': '1', 'RBIs': '0', 'Home Runs': '0', 'Walks': '0', 'Strikeouts': '0', 'AVG': '.262', 'OBP': '.319', 'SLG': '.381', 'Hits+Runs+RBIS': '2', 'Stolen Bases': '0', 'Doubles': '1', 'Triples': '0', 'id': '35022', 'Sac Hits': '0', 'Sac Flies': '0', 'Hit by Pitch': '0', 'Bases on Defensive Interference': '0', 'Total Bases': '2', 'Singles': '0'}, {'name': 'J. Fraley', 'Team': 'Cincinnati Reds', 'AB': '4', 'Runs': '1', 'Hits': '3', 'RBIs': '1', 'Home Runs': '0', 'Walks': '0', 'Strikeouts': '1', 'AVG': '.269', 'OBP': '.351', 'SLG': '.480', 'Hits+Runs+RBIS': '5', 'Stolen Bases': '1', 'Doubles': '1', 'Triples': '0', 'id': '37974', 'Sac Hits': '0', 'Sac Flies': '0', 'Hit by Pitch': '0', 'Bases on Defensive Interference': '0', 'Total Bases': '4', 'Singles': '2'}, {'name': 'S. Fairchild', 'Team': 'Cincinnati Reds', 'AB': '1', 'Runs': '0', 'Hits': '0', 'RBIs': '0', 'Home Runs': '0', 'Walks': '0', 'Strikeouts': '0', 'AVG': '.236', 'OBP': '.337', 'SLG': '.401', 'Hits+Runs+RBIS': '0', 'Stolen Bases': '0', 'Doubles': '0', 'Triples': '0', 'id': '40346', 'Sac Hits': '0', 'Sac Flies': '0', 'Hit by Pitch': '0', 'Bases on Defensive Interference': '0', 'Total Bases': '0', 'Singles': '0'}, {'name': 'S. Steer', 'Team': 'Cincinnati Reds', 'AB': '5', 'Runs': '0', 'Hits': '0', 'RBIs': '1', 'Home Runs': '0', 'Walks': '0', 'Strikeouts': '1', 'AVG': '.272', 'OBP': '.356', 'SLG': '.455', 'Hits+Runs+RBIS': '1', 'Stolen Bases': '0', 'Doubles': '0', 'Triples': '0', 'id': '4722857', 'Sac Hits': '0', 'Sac Flies': '0', 'Hit by Pitch': '0', 'Bases on Defensive Interference': '0', 'Total Bases': '0', 'Singles': '0'}, {'name': 'J. Votto', 'Team': 'Cincinnati Reds', 'AB': '5', 'Runs': '1', 'Hits': '2', 'RBIs': '3', 'Home Runs': '1', 'Walks': '0', 'Strikeouts': '2', 'AVG': '.194', 'OBP': '.310', 'SLG': '.481', 'Hits+Runs+RBIS': '6', 'Stolen Bases': '0', 'Doubles': '1', 'Triples': '0', 'id': '28670', 'Sac Hits': '0', 'Sac Flies': '0', 'Hit by Pitch': '0', 'Bases on Defensive Interference': '0', 'Total Bases': '6', 'Singles': '0'}, {'name': 'C. Encarnacion-Strand', 'Team': 'Cincinnati Reds', 'AB': '4', 'Runs': '0', 'Hits': '0', 'RBIs': '0', 'Home Runs': '0', 'Walks': '0', 'Strikeouts': '3', 'AVG': '.216', 'OBP': '.275', 'SLG': '.297', 'Hits+Runs+RBIS': '0', 'Stolen Bases': '0', 'Doubles': '0', 'Triples': '0', 'id': '5012106', 'Sac Hits': '0', 'Sac Flies': '0', 'Hit by Pitch': '1', 'Bases on Defensive Interference': '0', 'Total Bases': '0', 'Singles': '0'}, {'name': 'T. Stephenson', 'Team': 'Cincinnati Reds', 'AB': '4', 'Runs': '0', 'Hits': '0', 'RBIs': '0', 'Home Runs': '0', 'Walks': '1', 'Strikeouts': '2', 'AVG': '.249', 'OBP': '.332', 'SLG': '.359', 'Hits+Runs+RBIS': '0', 'Stolen Bases': '0', 'Doubles': '0', 'Triples': '0', 'id': '34975', 'Sac Hits': '0', 'Sac Flies': '0', 'Hit by Pitch': '0', 'Bases on Defensive Interference': '0', 'Total Bases': '0', 'Singles': '0'}, {'name': 'W. Benson', 'Team': 'Cincinnati Reds', 'AB': '4', 'Runs': '1', 'Hits': '1', 'RBIs': '0', 'Home Runs': '0', 'Walks': '0', 'Strikeouts': '1', 'AVG': '.274', 'OBP': '.377', 'SLG': '.510', 'Hits+Runs+RBIS': '2', 'Stolen Bases': '0', 'Doubles': '1', 'Triples': '0', 'id': '39216', 'Sac Hits': '0', 'Sac Flies': '0', 'Hit by Pitch': '0', 'Bases on Defensive Interference': '0', 'Total Bases': '2', 'Singles': '0'}], 'awayPitchers': [{'name': 'G. Ashcraft', 'Team': 'Cincinnati Reds', 'Pitching Outs': 18, 'Hits Allowed': '5', 'Total Runs Allowed': '0', 'Runs Allowed': '0', 'Walks Allowed': '0', 'Strikeouts': '2', 'HR': '0', 'PC-ST': '85-60', 'ERA': '5.31', 'Extra': 'W, 6-7', 'Stolen Bases': '0', 'Doubles': '0', 'Triples': '0', 'Home Runs': '0', 'id': '4084179', 'Sac Hits': '0', 'Sac Flies': '0', 'Hit by Pitch': '0', 'Bases on Defensive Interference': '0'}, {'name': 'D. Law', 'Team': 'Cincinnati Reds', 'Pitching Outs': 6, 'Hits Allowed': '0', 'Total Runs Allowed': '0', 'Runs Allowed': '0', 'Walks Allowed': '0', 'Strikeouts': '3', 'HR': '0', 'PC-ST': '21-17', 'ERA': '3.38', 'Stolen Bases': '0', 'Doubles': '0', 'Triples': '0', 'Home Runs': '0', 'id': '33139', 'Sac Hits': '0', 'Sac Flies': '0', 'Hit by Pitch': '0', 'Bases on Defensive Interference': '0'}, {'name': 'D. Duarte', 'Team': 'Cincinnati Reds', 'Pitching Outs': 3, 'Hits Allowed': '1', 'Total Runs Allowed': '0', 'Runs Allowed': '0', 'Walks Allowed': '0', 'Strikeouts': '1', 'HR': '0', 'PC-ST': '12-8', 'ERA': '4.30', 'Stolen Bases': '0', 'Doubles': '0', 'Triples': '0', 'Home Runs': '0', 'id': '41094', 'Sac Hits': '0', 'Sac Flies': '0', 'Hit by Pitch': '0', 'Bases on Defensive Interference': '0'}], 'players': [{'name': 'E. De La Cruz', 'Team': 'Cincinnati Reds', 'AB': '5', 'Runs': '2', 'Hits': '4', 'RBIs': '1', 'Home Runs': '1', 'Walks': '0', 'Strikeouts': '1', 'AVG': '.277', 'OBP': '.322', 'SLG': '.473', 'Hits+Runs+RBIS': '7', 'Stolen Bases': '0', 'Doubles': '0', 'Triples': '0', 'id': '4917694', 'Sac Hits': '0', 'Sac Flies': '0', 'Hit by Pitch': '0', 'Bases on Defensive Interference': '0', 'Total Bases': '7', 'Singles': '3'}, {'name': 'T. Friedl', 'Team': 'Cincinnati Reds', 'AB': '5', 'Runs': '1', 'Hits': '2', 'RBIs': '2', 'Home Runs': '0', 'Walks': '0', 'Strikeouts': '1', 'AVG': '.281', 'OBP': '.349', 'SLG': '.427', 'Hits+Runs+RBIS': '5', 'Stolen Bases': '0', 'Doubles': '1', 'Triples': '0', 'id': '36020', 'Sac Hits': '0', 'Sac Flies': '0', 'Hit by Pitch': '0', 'Bases on Defensive Interference': '0', 'Total Bases': '3', 'Singles': '1'}, {'name': 'M. McLain', 'Team': 'Cincinnati Reds', 'AB': '3', 'Runs': '2', 'Hits': '1', 'RBIs': '1', 'Home Runs': '1', 'Walks': '0', 'Strikeouts': '1', 'AVG': '.305', 'OBP': '.375', 'SLG': '.530', 'Hits+Runs+RBIS': '4', 'Stolen Bases': '0', 'Doubles': '0', 'Triples': '0', 'id': '4422899', 'Sac Hits': '0', 'Sac Flies': '0', 'Hit by Pitch': '1', 'Bases on Defensive Interference': '0', 'Total Bases': '4', 'Singles': '0'}, {'name': 'K. Newman', 'Team': 'Cincinnati Reds', 'AB': '1', 'Runs': '1', 'Hits': '1', 'RBIs': '0', 'Home Runs': '0', 'Walks': '0', 'Strikeouts': '0', 'AVG': '.262', 'OBP': '.319', 'SLG': '.381', 'Hits+Runs+RBIS': '2', 'Stolen Bases': '0', 'Doubles': '1', 'Triples': '0', 'id': '35022', 'Sac Hits': '0', 'Sac Flies': '0', 'Hit by Pitch': '0', 'Bases on Defensive Interference': '0', 'Total Bases': '2', 'Singles': '0'}, {'name': 'J. Fraley', 'Team': 'Cincinnati Reds', 'AB': '4', 'Runs': '1', 'Hits': '3', 'RBIs': '1', 'Home Runs': '0', 'Walks': '0', 'Strikeouts': '1', 'AVG': '.269', 'OBP': '.351', 'SLG': '.480', 'Hits+Runs+RBIS': '5', 'Stolen Bases': '1', 'Doubles': '1', 'Triples': '0', 'id': '37974', 'Sac Hits': '0', 'Sac Flies': '0', 'Hit by Pitch': '0', 'Bases on Defensive Interference': '0', 'Total Bases': '4', 'Singles': '2'}, {'name': 'S. Fairchild', 'Team': 'Cincinnati Reds', 'AB': '1', 'Runs': '0', 'Hits': '0', 'RBIs': '0', 'Home Runs': '0', 'Walks': '0', 'Strikeouts': '0', 'AVG': '.236', 'OBP': '.337', 'SLG': '.401', 'Hits+Runs+RBIS': '0', 'Stolen Bases': '0', 'Doubles': '0', 'Triples': '0', 'id': '40346', 'Sac Hits': '0', 'Sac Flies': '0', 'Hit by Pitch': '0', 'Bases on Defensive Interference': '0', 'Total Bases': '0', 'Singles': '0'}, {'name': 'S. Steer', 'Team': 'Cincinnati Reds', 'AB': '5', 'Runs': '0', 'Hits': '0', 'RBIs': '1', 'Home Runs': '0', 'Walks': '0', 'Strikeouts': '1', 'AVG': '.272', 'OBP': '.356', 'SLG': '.455', 'Hits+Runs+RBIS': '1', 'Stolen Bases': '0', 'Doubles': '0', 'Triples': '0', 'id': '4722857', 'Sac Hits': '0', 'Sac Flies': '0', 'Hit by Pitch': '0', 'Bases on Defensive Interference': '0', 'Total Bases': '0', 'Singles': '0'}, {'name': 'J. Votto', 'Team': 'Cincinnati Reds', 'AB': '5', 'Runs': '1', 'Hits': '2', 'RBIs': '3', 'Home Runs': '1', 'Walks': '0', 'Strikeouts': '2', 'AVG': '.194', 'OBP': '.310', 'SLG': '.481', 'Hits+Runs+RBIS': '6', 'Stolen Bases': '0', 'Doubles': '1', 'Triples': '0', 'id': '28670', 'Sac Hits': '0', 'Sac Flies': '0', 'Hit by Pitch': '0', 'Bases on Defensive Interference': '0', 'Total Bases': '6', 'Singles': '0'}, {'name': 'C. Encarnacion-Strand', 'Team': 'Cincinnati Reds', 'AB': '4', 'Runs': '0', 'Hits': '0', 'RBIs': '0', 'Home Runs': '0', 'Walks': '0', 'Strikeouts': '3', 'AVG': '.216', 'OBP': '.275', 'SLG': '.297', 'Hits+Runs+RBIS': '0', 'Stolen Bases': '0', 'Doubles': '0', 'Triples': '0', 'id': '5012106', 'Sac Hits': '0', 'Sac Flies': '0', 'Hit by Pitch': '1', 'Bases on Defensive Interference': '0', 'Total Bases': '0', 'Singles': '0'}, {'name': 'T. Stephenson', 'Team': 'Cincinnati Reds', 'AB': '4', 'Runs': '0', 'Hits': '0', 'RBIs': '0', 'Home Runs': '0', 'Walks': '1', 'Strikeouts': '2', 'AVG': '.249', 'OBP': '.332', 'SLG': '.359', 'Hits+Runs+RBIS': '0', 'Stolen Bases': '0', 'Doubles': '0', 'Triples': '0', 'id': '34975', 'Sac Hits': '0', 'Sac Flies': '0', 'Hit by Pitch': '0', 'Bases on Defensive Interference': '0', 'Total Bases': '0', 'Singles': '0'}, {'name': 'W. Benson', 'Team': 'Cincinnati Reds', 'AB': '4', 'Runs': '1', 'Hits': '1', 'RBIs': '0', 'Home Runs': '0', 'Walks': '0', 'Strikeouts': '1', 'AVG': '.274', 'OBP': '.377', 'SLG': '.510', 'Hits+Runs+RBIS': '2', 'Stolen Bases': '0', 'Doubles': '1', 'Triples': '0', 'id': '39216', 'Sac Hits': '0', 'Sac Flies': '0', 'Hit by Pitch': '0', 'Bases on Defensive Interference': '0', 'Total Bases': '2', 'Singles': '0'}, {'name': 'G. Ashcraft', 'Team': 'Cincinnati Reds', 'Pitching Outs': 18, 'Hits Allowed': '5', 'Total Runs Allowed': '0', 'Runs Allowed': '0', 'Walks Allowed': '0', 'Strikeouts': '2', 'HR': '0', 'PC-ST': '85-60', 'ERA': '5.31', 'Extra': 'W, 6-7', 'Stolen Bases': '0', 'Doubles': '0', 'Triples': '0', 'Home Runs': '0', 'id': '4084179', 'Sac Hits': '0', 'Sac Flies': '0', 'Hit by Pitch': '0', 'Bases on Defensive Interference': '0'}, {'name': 'D. Law', 'Team': 'Cincinnati Reds', 'Pitching Outs': 6, 'Hits Allowed': '0', 'Total Runs Allowed': '0', 'Runs Allowed': '0', 'Walks Allowed': '0', 'Strikeouts': '3', 'HR': '0', 'PC-ST': '21-17', 'ERA': '3.38', 'Stolen Bases': '0', 'Doubles': '0', 'Triples': '0', 'Home Runs': '0', 'id': '33139', 'Sac Hits': '0', 'Sac Flies': '0', 'Hit by Pitch': '0', 'Bases on Defensive Interference': '0'}, {'name': 'D. Duarte', 'Team': 'Cincinnati Reds', 'Pitching Outs': 3, 'Hits Allowed': '1', 'Total Runs Allowed': '0', 'Runs Allowed': '0', 'Walks Allowed': '0', 'Strikeouts': '1', 'HR': '0', 'PC-ST': '12-8', 'ERA': '4.30', 'Stolen Bases': '0', 'Doubles': '0', 'Triples': '0', 'Home Runs': '0', 'id': '41094', 'Sac Hits': '0', 'Sac Flies': '0', 'Hit by Pitch': '0', 'Bases on Defensive Interference': '0'}]}","{'Away': ['3', '1', '3', '0', '0', '1', '0', '0', '1', '9', 14, 0], 'Home': ['0', '0', '0', '0', '0', '0', '0', '0', '0', '0', 6, 1], 'Labels': [1, 2, 3, 4, 5, 6, 7, 8, 9, 'Runs', 'Home Runs', 'Errors']}",False,mlb,20230730
Seattle Mariners@Arizona Diamondbacks,"{'homeShort': 'ARI', 'homeTeam': 'Arizona Diamondbacks', 'homeHitters': [{'name': 'G. Perdomo', 'Team': 'Arizona Diamondbacks', 'AB': '4', 'Runs': '0', 'Hits': '0', 'RBIs': '0', 'Home Runs': '0', 'Walks': '0', 'Strikeouts': '2', 'AVG': '.279', 'OBP': '.386', 'SLG': '.416', 'Hits+Runs+RBIS': '0', 'Stolen Bases': '0', 'Doubles': '0', 'Triples': '0', 'id': '41355', 'Sac Hits': '0', 'Sac Flies': '0', 'Hit by Pitch': '0', 'Bases on Defensive Interference': '0', 'Total Bases': '0', 'Singles': '0'}, {'name': 'K. Marte', 'Team': 'Arizona Diamondbacks', 'AB': '4', 'Runs': '0', 'Hits': '1', 'RBIs': '0', 'Home Runs': '0', 'Walks': '0', 'Strikeouts': '2', 'AVG': '.296', 'OBP': '.375', 'SLG': '.513', 'Hits+Runs+RBIS': '1', 'Stolen Bases': '0', 'Doubles': '0', 'Triples': '0', 'id': '32512', 'Sac Hits': '0', 'Sac Flies': '0', 'Hit by Pitch': '0', 'Bases on Defensive Interference': '0', 'Total Bases': '1', 'Singles': '1'}, {'name': 'C. Carroll', 'Team': 'Arizona Diamondbacks', 'AB': '4', 'Runs': '0', 'Hits': '0', 'RBIs': '0', 'Home Runs': '0', 'Walks': '0', 'Strikeouts': '2', 'AVG': '.282', 'OBP': '.361', 'SLG': '.541', 'Hits+Runs+RBIS': '0', 'Stolen Bases': '0', 'Doubles': '0', 'Triples': '0', 'id': '42404', 'Sac Hits': '0', 'Sac Flies': '0', 'Hit by Pitch': '0', 'Bases on Defensive Interference': '0', 'Total Bases': '0', 'Singles': '0'}, {'name': 'C. Walker', 'Team': 'Arizona Diamondbacks', 'AB': '3', 'Runs': '0', 'Hits': '0', 'RBIs': '0', 'Home Runs': '0', 'Walks': '0', 'Strikeouts': '2', 'AVG': '.263', 'OBP': '.339', 'SLG': '.518', 'Hits+Runs+RBIS': '0', 'Stolen Bases': '0', 'Doubles': '0', 'Triples': '0', 'id': '32758', 'Sac Hits': '0', 'Sac Flies': '0', 'Hit by Pitch': '1', 'Bases on Defensive Interference': '0', 'Total Bases': '0', 'Singles': '0'}, {'name': 'D. Canzone', 'Team': 'Arizona Diamondbacks', 'AB': '3', 'Runs': '0', 'Hits': '0', 'RBIs': '0', 'Home Runs': '0', 'Walks': '0', 'Strikeouts': '0', 'AVG': '.237', 'OBP': '.293', 'SLG': '.368', 'Hits+Runs+RBIS': '0', 'Stolen Bases': '0', 'Doubles': '0', 'Triples': '0', 'id': '4345621', 'Sac Hits': '0', 'Sac Flies': '0', 'Hit by Pitch': '0', 'Bases on Defensive Interference': '0', 'Total Bases': '0', 'Singles': '0'}, {'name': 'L. Gurriel Jr.', 'Team': 'Arizona Diamondbacks', 'AB': '3', 'Runs': '0', 'Hits': '1', 'RBIs': '0', 'Home Runs': '0', 'Walks': '0', 'Strikeouts': '0', 'AVG': '.244', 'OBP': '.292', 'SLG': '.443', 'Hits+Runs+RBIS': '1', 'Stolen Bases': '0', 'Doubles': '0', 'Triples': '0', 'id': '36040', 'Sac Hits': '0', 'Sac Flies': '0', 'Hit by Pitch': '0', 'Bases on Defensive Interference': '0', 'Total Bases': '1', 'Singles': '1'}, {'name': 'J. Rojas', 'Team': 'Arizona Diamondbacks', 'AB': '3', 'Runs': '0', 'Hits': '0', 'RBIs': '0', 'Home Runs': '0', 'Walks': '0', 'Strikeouts': '1', 'AVG': '.228', 'OBP': '.292', 'SLG': '.296', 'Hits+Runs+RBIS': '0', 'Stolen Bases': '0', 'Doubles': '0', 'Triples': '0', 'id': '40718', 'Sac Hits': '0', 'Sac Flies': '0', 'Hit by Pitch': '0', 'Bases on Defensive Interference': '0', 'Total Bases': '0', 'Singles': '0'}, {'name': 'E. Rivera', 'Team': 'Arizona Diamondbacks', 'AB': '2', 'Runs': '0', 'Hits': '1', 'RBIs': '0', 'Home Runs': '0', 'Walks': '1', 'Strikeouts': '1', 'AVG': '.291', 'OBP': '.335', 'SLG': '.412', 'Hits+Runs+RBIS': '1', 'Stolen Bases': '0', 'Doubles': '0', 'Triples': '0', 'id': '40519', 'Sac Hits': '0', 'Sac Flies': '0', 'Hit by Pitch': '0', 'Bases on Defensive Interference': '0', 'Total Bases': '1', 'Singles': '1'}, {'name': 'J. Herrera', 'Team': 'Arizona Diamondbacks', 'AB': '2', 'Runs': '0', 'Hits': '0', 'RBIs': '0', 'Home Runs': '0', 'Walks': '0', 'Strikeouts': '1', 'AVG': '.227', 'OBP': '.307', 'SLG': '.288', 'Hits+Runs+RBIS': '0', 'Stolen Bases': '0', 'Doubles': '0', 'Triples': '0', 'id': '40851', 'Sac Hits': '0', 'Sac Flies': '0', 'Hit by Pitch': '0', 'Bases on Defensive Interference': '0', 'Total Bases': '0', 'Singles': '0'}, {'name': 'A. Thomas', 'Team': 'Arizona Diamondbacks', 'AB': '1', 'Runs': '0', 'Hits': '0', 'RBIs': '0', 'Home Runs': '0', 'Walks': '0', 'Strikeouts': '1', 'AVG': '.242', 'OBP': '.278', 'SLG': '.414', 'Hits+Runs+RBIS': '0', 'Stolen Bases': '0', 'Doubles': '0', 'Triples': '0', 'id': '41215', 'Sac Hits': '0', 'Sac Flies': '0', 'Hit by Pitch': '0', 'Bases on Defensive Interference': '0', 'Total Bases': '0', 'Singles': '0'}, {'name': 'C. Kelly', 'Team': 'Arizona Diamondbacks', 'AB': '0', 'Runs': '0', 'Hits': '0', 'RBIs': '0', 'Home Runs': '0', 'Walks': '0', 'Strikeouts': '0', 'AVG': '.174', 'OBP': '.194', 'SLG': '.232', 'Hits+Runs+RBIS': '0', 'Stolen Bases': '0', 'Doubles': '0', 'Triples': '0', 'id': '32797', 'Sac Hits': '0', 'Sac Flies': '0', 'Hit by Pitch': '0', 'Bases on Defensive Interference': '0', 'Total Bases': '0', 'Singles': '0'}], 'homePitchers': [{'name': 'M. Kelly', 'Team': 'Arizona Diamondbacks', 'Pitching Outs': 15, 'Hits Allowed': '7', 'Total Runs Allowed': '3', 'Runs Allowed': '3', 'Walks Allowed': '2', 'Strikeouts': '6', 'HR': '1', 'PC-ST': '90-60', 'ERA': '3.23', 'Extra': 'L, 9-5', 'Stolen Bases': '0', 'Doubles': '0', 'Triples': '0', 'Home Runs': '0', 'id': '32968', 'Sac Hits': '0', 'Sac Flies': '0', 'Hit by Pitch': '0', 'Bases on Defensive Interference': '0'}, {'name': 'T. Gilbert', 'Team': 'Arizona Diamondbacks', 'Pitching Outs': 6, 'Hits Allowed': '0', 'Total Runs Allowed': '0', 'Runs Allowed': '0', 'Walks Allowed': '1', 'Strikeouts': '5', 'HR': '0', 'PC-ST': '36-22', 'ERA': '3.27', 'Stolen Bases': '0', 'Doubles': '0', 'Triples': '0', 'Home Runs': '0', 'id': '40559', 'Sac Hits': '0', 'Sac Flies': '0', 'Hit by Pitch': '0', 'Bases on Defensive Interference': '0'}, {'name': 'A. Adams', 'Team': 'Arizona Diamondbacks', 'Pitching Outs': 3, 'Hits Allowed': '1', 'Total Runs Allowed': '0', 'Runs Allowed': '0', 'Walks Allowed': '1', 'Strikeouts': '2', 'HR': '0', 'PC-ST': '21-13', 'ERA': '5.71', 'Stolen Bases': '0', 'Doubles': '0', 'Triples': '0', 'Home Runs': '0', 'id': '36046', 'Sac Hits': '0', 'Sac Flies': '0', 'Hit by Pitch': '0', 'Bases on Defensive Interference': '0'}, {'name': 'C. Sulser', 'Team': 'Arizona Diamondbacks', 'Pitching Outs': 3, 'Hits Allowed': '2', 'Total Runs Allowed': '1', 'Runs Allowed': '1', 'Walks Allowed': '0', 'Strikeouts': '0', 'HR': '0', 'PC-ST': '12-10', 'ERA': '6.75', 'Stolen Bases': '0', 'Doubles': '0', 'Triples': '0', 'Home Runs': '0', 'id': '37825', 'Sac Hits': '0', 'Sac Flies': '0', 'Hit by Pitch': '0', 'Bases on Defensive Interference': '0'}], 'players': [{'name': 'G. Perdomo', 'Team': 'Arizona Diamondbacks', 'AB': '4', 'Runs': '0', 'Hits': '0', 'RBIs': '0', 'Home Runs': '0', 'Walks': '0', 'Strikeouts': '2', 'AVG': '.279', 'OBP': '.386', 'SLG': '.416', 'Hits+Runs+RBIS': '0', 'Stolen Bases': '0', 'Doubles': '0', 'Triples': '0', 'id': '41355', 'Sac Hits': '0', 'Sac Flies': '0', 'Hit by Pitch': '0', 'Bases on Defensive Interference': '0', 'Total Bases': '0', 'Singles': '0'}, {'name': 'K. Marte', 'Team': 'Arizona Diamondbacks', 'AB': '4', 'Runs': '0', 'Hits': '1', 'RBIs': '0', 'Home Runs': '0', 'Walks': '0', 'Strikeouts': '2', 'AVG': '.296', 'OBP': '.375', 'SLG': '.513', 'Hits+Runs+RBIS': '1', 'Stolen Bases': '0', 'Doubles': '0', 'Triples': '0', 'id': '32512', 'Sac Hits': '0', 'Sac Flies': '0', 'Hit by Pitch': '0', 'Bases on Defensive Interference': '0', 'Total Bases': '1', 'Singles': '1'}, {'name': 'C. Carroll', 'Team': 'Arizona Diamondbacks', 'AB': '4', 'Runs': '0', 'Hits': '0', 'RBIs': '0', 'Home Runs': '0', 'Walks': '0', 'Strikeouts': '2', 'AVG': '.282', 'OBP': '.361', 'SLG': '.541', 'Hits+Runs+RBIS': '0', 'Stolen Bases': '0', 'Doubles': '0', 'Triples': '0', 'id': '42404', 'Sac Hits': '0', 'Sac Flies': '0', 'Hit by Pitch': '0', 'Bases on Defensive Interference': '0', 'Total Bases': '0', 'Singles': '0'}, {'name': 'C. Walker', 'Team': 'Arizona Diamondbacks', 'AB': '3', 'Runs': '0', 'Hits': '0', 'RBIs': '0', 'Home Runs': '0', 'Walks': '0', 'Strikeouts': '2', 'AVG': '.263', 'OBP': '.339', 'SLG': '.518', 'Hits+Runs+RBIS': '0', 'Stolen Bases': '0', 'Doubles': '0', 'Triples': '0', 'id': '32758', 'Sac Hits': '0', 'Sac Flies': '0', 'Hit by Pitch': '1', 'Bases on Defensive Interference': '0', 'Total Bases': '0', 'Singles': '0'}, {'name': 'D. Canzone', 'Team': 'Arizona Diamondbacks', 'AB': '3', 'Runs': '0', 'Hits': '0', 'RBIs': '0', 'Home Runs': '0', 'Walks': '0', 'Strikeouts': '0', 'AVG': '.237', 'OBP': '.293', 'SLG': '.368', 'Hits+Runs+RBIS': '0', 'Stolen Bases': '0', 'Doubles': '0', 'Triples': '0', 'id': '4345621', 'Sac Hits': '0', 'Sac Flies': '0', 'Hit by Pitch': '0', 'Bases on Defensive Interference': '0', 'Total Bases': '0', 'Singles': '0'}, {'name': 'L. Gurriel Jr.', 'Team': 'Arizona Diamondbacks', 'AB': '3', 'Runs': '0', 'Hits': '1', 'RBIs': '0', 'Home Runs': '0', 'Walks': '0', 'Strikeouts': '0', 'AVG': '.244', 'OBP': '.292', 'SLG': '.443', 'Hits+Runs+RBIS': '1', 'Stolen Bases': '0', 'Doubles': '0', 'Triples': '0', 'id': '36040', 'Sac Hits': '0', 'Sac Flies': '0', 'Hit by Pitch': '0', 'Bases on Defensive Interference': '0', 'Total Bases': '1', 'Singles': '1'}, {'name': 'J. Rojas', 'Team': 'Arizona Diamondbacks', 'AB': '3', 'Runs': '0', 'Hits': '0', 'RBIs': '0', 'Home Runs': '0', 'Walks': '0', 'Strikeouts': '1', 'AVG': '.228', 'OBP': '.292', 'SLG': '.296', 'Hits+Runs+RBIS': '0', 'Stolen Bases': '0', 'Doubles': '0', 'Triples': '0', 'id': '40718', 'Sac Hits': '0', 'Sac Flies': '0', 'Hit by Pitch': '0', 'Bases on Defensive Interference': '0', 'Total Bases': '0', 'Singles': '0'}, {'name': 'E. Rivera', 'Team': 'Arizona Diamondbacks', 'AB': '2', 'Runs': '0', 'Hits': '1', 'RBIs': '0', 'Home Runs': '0', 'Walks': '1', 'Strikeouts': '1', 'AVG': '.291', 'OBP': '.335', 'SLG': '.412', 'Hits+Runs+RBIS': '1', 'Stolen Bases': '0', 'Doubles': '0', 'Triples': '0', 'id': '40519', 'Sac Hits': '0', 'Sac Flies': '0', 'Hit by Pitch': '0', 'Bases on Defensive Interference': '0', 'Total Bases': '1', 'Singles': '1'}, {'name': 'J. Herrera', 'Team': 'Arizona Diamondbacks', 'AB': '2', 'Runs': '0', 'Hits': '0', 'RBIs': '0', 'Home Runs': '0', 'Walks': '0', 'Strikeouts': '1', 'AVG': '.227', 'OBP': '.307', 'SLG': '.288', 'Hits+Runs+RBIS': '0', 'Stolen Bases': '0', 'Doubles': '0', 'Triples': '0', 'id': '40851', 'Sac Hits': '0', 'Sac Flies': '0', 'Hit by Pitch': '0', 'Bases on Defensive Interference': '0', 'Total Bases': '0', 'Singles': '0'}, {'name': 'A. Thomas', 'Team': 'Arizona Diamondbacks', 'AB': '1', 'Runs': '0', 'Hits': '0', 'RBIs': '0', 'Home Runs': '0', 'Walks': '0', 'Strikeouts': '1', 'AVG': '.242', 'OBP': '.278', 'SLG': '.414', 'Hits+Runs+RBIS': '0', 'Stolen Bases': '0', 'Doubles': '0', 'Triples': '0', 'id': '41215', 'Sac Hits': '0', 'Sac Flies': '0', 'Hit by Pitch': '0', 'Bases on Defensive Interference': '0', 'Total Bases': '0', 'Singles': '0'}, {'name': 'C. Kelly', 'Team': 'Arizona Diamondbacks', 'AB': '0', 'Runs': '0', 'Hits': '0', 'RBIs': '0', 'Home Runs': '0', 'Walks': '0', 'Strikeouts': '0', 'AVG': '.174', 'OBP': '.194', 'SLG': '.232', 'Hits+Runs+RBIS': '0', 'Stolen Bases': '0', 'Doubles': '0', 'Triples': '0', 'id': '32797', 'Sac Hits': '0', 'Sac Flies': '0', 'Hit by Pitch': '0', 'Bases on Defensive Interference': '0', 'Total Bases': '0', 'Singles': '0'}, {'name': 'M. Kelly', 'Team': 'Arizona Diamondbacks', 'Pitching Outs': 15, 'Hits Allowed': '7', 'Total Runs Allowed': '3', 'Runs Allowed': '3', 'Walks Allowed': '2', 'Strikeouts': '6', 'HR': '1', 'PC-ST': '90-60', 'ERA': '3.23', 'Extra': 'L, 9-5', 'Stolen Bases': '0', 'Doubles': '0', 'Triples': '0', 'Home Runs': '0', 'id': '32968', 'Sac Hits': '0', 'Sac Flies': '0', 'Hit by Pitch': '0', 'Bases on Defensive Interference': '0'}, {'name': 'T. Gilbert', 'Team': 'Arizona Diamondbacks', 'Pitching Outs': 6, 'Hits Allowed': '0', 'Total Runs Allowed': '0', 'Runs Allowed': '0', 'Walks Allowed': '1', 'Strikeouts': '5', 'HR': '0', 'PC-ST': '36-22', 'ERA': '3.27', 'Stolen Bases': '0', 'Doubles': '0', 'Triples': '0', 'Home Runs': '0', 'id': '40559', 'Sac Hits': '0', 'Sac Flies': '0', 'Hit by Pitch': '0', 'Bases on Defensive Interference': '0'}, {'name': 'A. Adams', 'Team': 'Arizona Diamondbacks', 'Pitching Outs': 3, 'Hits Allowed': '1', 'Total Runs Allowed': '0', 'Runs Allowed': '0', 'Walks Allowed': '1', 'Strikeouts': '2', 'HR': '0', 'PC-ST': '21-13', 'ERA': '5.71', 'Stolen Bases': '0', 'Doubles': '0', 'Triples': '0', 'Home Runs': '0', 'id': '36046', 'Sac Hits': '0', 'Sac Flies': '0', 'Hit by Pitch': '0', 'Bases on Defensive Interference': '0'}, {'name': 'C. Sulser', 'Team': 'Arizona Diamondbacks', 'Pitching Outs': 3, 'Hits Allowed': '2', 'Total Runs Allowed': '1', 'Runs Allowed': '1', 'Walks Allowed': '0', 'Strikeouts': '0', 'HR': '0', 'PC-ST': '12-10', 'ERA': '6.75', 'Stolen Bases': '0', 'Doubles': '0', 'Triples': '0', 'Home Runs': '0', 'id': '37825', 'Sac Hits': '0', 'Sac Flies': '0', 'Hit by Pitch': '0', 'Bases on Defensive Interference': '0'}]}","{'awayShort': 'SEA', 'awayTeam': 'Seattle Mariners', 'awayHitters': [{'name': 'J.P. Crawford', 'Team': 'Seattle Mariners', 'AB': '3', 'Runs': '3', 'Hits': '2', 'RBIs': '1', 'Home Runs': '1', 'Walks': '2', 'Strikeouts': '1', 'AVG': '.265', 'OBP': '.376', 'SLG': '.413', 'Hits+Runs+RBIS': '6', 'Stolen Bases': '0', 'Doubles': '1', 'Triples': '0', 'id': '33210', 'Sac Hits': '0', 'Sac Flies': '0', 'Hit by Pitch': '0', 'Bases on Defensive Interference': '0', 'Total Bases': '6', 'Singles': '0'}, {'name': 'J. Rodriguez', 'Team': 'Seattle Mariners', 'AB': '5', 'Runs': '1', 'Hits': '1', 'RBIs': '0', 'Home Runs': '0', 'Walks': '0', 'Strikeouts': '1', 'AVG': '.251', 'OBP': '.315', 'SLG': '.425', 'Hits+Runs+RBIS': '2', 'Stolen Bases': '0', 'Doubles': '0', 'Triples': '0', 'id': '41044', 'Sac Hits': '0', 'Sac Flies': '0', 'Hit by Pitch': '0', 'Bases on Defensive Interference': '0', 'Total Bases': '1', 'Singles': '1'}, {'name': 'E. Suarez', 'Team': 'Seattle Mariners', 'AB': '5', 'Runs': '0', 'Hits': '2', 'RBIs': '1', 'Home Runs': '0', 'Walks': '0', 'Strikeouts': '3', 'AVG': '.226', 'OBP': '.321', 'SLG': '.381', 'Hits+Runs+RBIS': '3', 'Stolen Bases': '0', 'Doubles': '0', 'Triples': '0', 'id': '32367', 'Sac Hits': '0', 'Sac Flies': '0', 'Hit by Pitch': '0', 'Bases on Defensive Interference': '0', 'Total Bases': '2', 'Singles': '2'}, {'name': 'C. Raleigh', 'Team': 'Seattle Mariners', 'AB': '5', 'Runs': '0', 'Hits': '0', 'RBIs': '0', 'Home Runs': '0', 'Walks': '0', 'Strikeouts': '2', 'AVG': '.227', 'OBP': '.304', 'SLG': '.422', 'Hits+Runs+RBIS': '0', 'Stolen Bases': '0', 'Doubles': '0', 'Triples': '0', 'id': '41292', 'Sac Hits': '0', 'Sac Flies': '0', 'Hit by Pitch': '0', 'Bases on Defensive Interference': '0', 'Total Bases': '0', 'Singles': '0'}, {'name': 'T. Hernández', 'Team': 'Seattle Mariners', 'AB': '5', 'Runs': '0', 'Hits': '1', 'RBIs': '0', 'Home Runs': '0', 'Walks': '0', 'Strikeouts': '2', 'AVG': '.238', 'OBP': '.288', 'SLG': '.408', 'Hits+Runs+RBIS': '1', 'Stolen Bases': '0', 'Doubles': '0', 'Triples': '0', 'id': '33377', 'Sac Hits': '0', 'Sac Flies': '0', 'Hit by Pitch': '0', 'Bases on Defensive Interference': '0', 'Total Bases': '1', 'Singles': '1'}, {'name': 'M. Ford', 'Team': 'Seattle Mariners', 'AB': '3', 'Runs': '0', 'Hits': '1', 'RBIs': '1', 'Home Runs': '0', 'Walks': '1', 'Strikeouts': '2', 'AVG': '.238', 'OBP': '.302', 'SLG': '.540', 'Hits+Runs+RBIS': '2', 'Stolen Bases': '0', 'Doubles': '0', 'Triples': '0', 'id': '38896', 'Sac Hits': '0', 'Sac Flies': '0', 'Hit by Pitch': '0', 'Bases on Defensive Interference': '0', 'Total Bases': '1', 'Singles': '1'}, {'name': 'T. France', 'Team': 'Seattle Mariners', 'AB': '4', 'Runs': '0', 'Hits': '3', 'RBIs': '1', 'Home Runs': '0', 'Walks': '0', 'Strikeouts': '0', 'AVG': '.253', 'OBP': '.324', 'SLG': '.367', 'Hits+Runs+RBIS': '4', 'Stolen Bases': '0', 'Doubles': '0', 'Triples': '0', 'id': '35591', 'Sac Hits': '0', 'Sac Flies': '0', 'Hit by Pitch': '0', 'Bases on Defensive Interference': '0', 'Total Bases': '3', 'Singles': '3'}, {'name': 'C. Marlowe', 'Team': 'Seattle Mariners', 'AB': '3', 'Runs': '0', 'Hits': '0', 'RBIs': '0', 'Home Runs': '0', 'Walks': '1', 'Strikeouts': '1', 'AVG': '.222', 'OBP': '.391', 'SLG': '.556', 'Hits+Runs+RBIS': '0', 'Stolen Bases': '0', 'Doubles': '0', 'Triples': '0', 'id': '4918163', 'Sac Hits': '0', 'Sac Flies': '0', 'Hit by Pitch': '0', 'Bases on Defensive Interference': '0', 'Total Bases': '0', 'Singles': '0'}, {'name': 'K. Wong', 'Team': 'Seattle Mariners', 'AB': '4', 'Runs': '0', 'Hits': '0', 'RBIs': '0', 'Home Runs': '0', 'Walks': '0', 'Strikeouts': '1', 'AVG': '.165', 'OBP': '.241', 'SLG': '.227', 'Hits+Runs+RBIS': '0', 'Stolen Bases': '0', 'Doubles': '0', 'Triples': '0', 'id': '32061', 'Sac Hits': '0', 'Sac Flies': '0', 'Hit by Pitch': '0', 'Bases on Defensive Interference': '0', 'Total Bases': '0', 'Singles': '0'}], 'awayPitchers': [{'name': 'L. Castillo', 'Team': 'Seattle Mariners', 'Pitching Outs': 18, 'Hits Allowed': '2', 'Total Runs Allowed': '0', 'Runs Allowed': '0', 'Walks Allowed': '1', 'Strikeouts': '7', 'HR': '0', 'PC-ST': '102-69', 'ERA': '2.88', 'Extra': 'W, 7-7', 'Stolen Bases': '0', 'Doubles': '0', 'Triples': '0', 'Home Runs': '0', 'id': '35124', 'Sac Hits': '0', 'Sac Flies': '0', 'Hit by Pitch': '0', 'Bases on Defensive Interference': '0'}, {'name': 'J. Topa', 'Team': 'Seattle Mariners', 'Pitching Outs': 3, 'Hits Allowed': '0', 'Total Runs Allowed': '0', 'Runs Allowed': '0', 'Walks Allowed': '0', 'Strikeouts': '1', 'HR': '0', 'PC-ST': '9-7', 'ERA': '2.59', 'Extra': 'H, 16', 'Stolen Bases': '0', 'Doubles': '0', 'Triples': '0', 'Home Runs': '0', 'id': '38796', 'Sac Hits': '0', 'Sac Flies': '0', 'Hit by Pitch': '0', 'Bases on Defensive Interference': '0'}, {'name': 'M. Brash', 'Team': 'Seattle Mariners', 'Pitching Outs': 3, 'Hits Allowed': '1', 'Total Runs Allowed': '0', 'Runs Allowed': '0', 'Walks Allowed': '0', 'Strikeouts': '2', 'HR': '0', 'PC-ST': '15-10', 'ERA': '3.53', 'Extra': 'H, 14', 'Stolen Bases': '0', 'Doubles': '0', 'Triples': '0', 'Home Runs': '0', 'id': '4894467', 'Sac Hits': '0', 'Sac Flies': '0', 'Hit by Pitch': '0', 'Bases on Defensive Interference': '0'}, {'name': 'T. Saucedo', 'Team': 'Seattle Mariners', 'Pitching Outs': 3, 'Hits Allowed': '0', 'Total Runs Allowed': '0', 'Runs Allowed': '0', 'Walks Allowed': '0', 'Strikeouts': '2', 'HR': '0', 'PC-ST': '15-12', 'ERA': '2.30', 'Stolen Bases': '0', 'Doubles': '0', 'Triples': '0', 'Home Runs': '0', 'id': '42683', 'Sac Hits': '0', 'Sac Flies': '0', 'Hit by Pitch': '0', 'Bases on Defensive Interference': '0'}], 'players': [{'name': 'J.P. Crawford', 'Team': 'Seattle Mariners', 'AB': '3', 'Runs': '3', 'Hits': '2', 'RBIs': '1', 'Home Runs': '1', 'Walks': '2', 'Strikeouts': '1', 'AVG': '.265', 'OBP': '.376', 'SLG': '.413', 'Hits+Runs+RBIS': '6', 'Stolen Bases': '0', 'Doubles': '1', 'Triples': '0', 'id': '33210', 'Sac Hits': '0', 'Sac Flies': '0', 'Hit by Pitch': '0', 'Bases on Defensive Interference': '0', 'Total Bases': '6', 'Singles': '0'}, {'name': 'J. Rodriguez', 'Team': 'Seattle Mariners', 'AB': '5', 'Runs': '1', 'Hits': '1', 'RBIs': '0', 'Home Runs': '0', 'Walks': '0', 'Strikeouts': '1', 'AVG': '.251', 'OBP': '.315', 'SLG': '.425', 'Hits+Runs+RBIS': '2', 'Stolen Bases': '0', 'Doubles': '0', 'Triples': '0', 'id': '41044', 'Sac Hits': '0', 'Sac Flies': '0', 'Hit by Pitch': '0', 'Bases on Defensive Interference': '0', 'Total Bases': '1', 'Singles': '1'}, {'name': 'E. Suarez', 'Team': 'Seattle Mariners', 'AB': '5', 'Runs': '0', 'Hits': '2', 'RBIs': '1', 'Home Runs': '0', 'Walks': '0', 'Strikeouts': '3', 'AVG': '.226', 'OBP': '.321', 'SLG': '.381', 'Hits+Runs+RBIS': '3', 'Stolen Bases': '0', 'Doubles': '0', 'Triples': '0', 'id': '32367', 'Sac Hits': '0', 'Sac Flies': '0', 'Hit by Pitch': '0', 'Bases on Defensive Interference': '0', 'Total Bases': '2', 'Singles': '2'}, {'name': 'C. Raleigh', 'Team': 'Seattle Mariners', 'AB': '5', 'Runs': '0', 'Hits': '0', 'RBIs': '0', 'Home Runs': '0', 'Walks': '0', 'Strikeouts': '2', 'AVG': '.227', 'OBP': '.304', 'SLG': '.422', 'Hits+Runs+RBIS': '0', 'Stolen Bases': '0', 'Doubles': '0', 'Triples': '0', 'id': '41292', 'Sac Hits': '0', 'Sac Flies': '0', 'Hit by Pitch': '0', 'Bases on Defensive Interference': '0', 'Total Bases': '0', 'Singles': '0'}, {'name': 'T. Hernández', 'Team': 'Seattle Mariners', 'AB': '5', 'Runs': '0', 'Hits': '1', 'RBIs': '0', 'Home Runs': '0', 'Walks': '0', 'Strikeouts': '2', 'AVG': '.238', 'OBP': '.288', 'SLG': '.408', 'Hits+Runs+RBIS': '1', 'Stolen Bases': '0', 'Doubles': '0', 'Triples': '0', 'id': '33377', 'Sac Hits': '0', 'Sac Flies': '0', 'Hit by Pitch': '0', 'Bases on Defensive Interference': '0', 'Total Bases': '1', 'Singles': '1'}, {'name': 'M. Ford', 'Team': 'Seattle Mariners', 'AB': '3', 'Runs': '0', 'Hits': '1', 'RBIs': '1', 'Home Runs': '0', 'Walks': '1', 'Strikeouts': '2', 'AVG': '.238', 'OBP': '.302', 'SLG': '.540', 'Hits+Runs+RBIS': '2', 'Stolen Bases': '0', 'Doubles': '0', 'Triples': '0', 'id': '38896', 'Sac Hits': '0', 'Sac Flies': '0', 'Hit by Pitch': '0', 'Bases on Defensive Interference': '0', 'Total Bases': '1', 'Singles': '1'}, {'name': 'T. France', 'Team': 'Seattle Mariners', 'AB': '4', 'Runs': '0', 'Hits': '3', 'RBIs': '1', 'Home Runs': '0', 'Walks': '0', 'Strikeouts': '0', 'AVG': '.253', 'OBP': '.324', 'SLG': '.367', 'Hits+Runs+RBIS': '4', 'Stolen Bases': '0', 'Doubles': '0', 'Triples': '0', 'id': '35591', 'Sac Hits': '0', 'Sac Flies': '0', 'Hit by Pitch': '0', 'Bases on Defensive Interference': '0', 'Total Bases': '3', 'Singles': '3'}, {'name': 'C. Marlowe', 'Team': 'Seattle Mariners', 'AB': '3', 'Runs': '0', 'Hits': '0', 'RBIs': '0', 'Home Runs': '0', 'Walks': '1', 'Strikeouts': '1', 'AVG': '.222', 'OBP': '.391', 'SLG': '.556', 'Hits+Runs+RBIS': '0', 'Stolen Bases': '0', 'Doubles': '0', 'Triples': '0', 'id': '4918163', 'Sac Hits': '0', 'Sac Flies': '0', 'Hit by Pitch': '0', 'Bases on Defensive Interference': '0', 'Total Bases': '0', 'Singles': '0'}, {'name': 'K. Wong', 'Team': 'Seattle Mariners', 'AB': '4', 'Runs': '0', 'Hits': '0', 'RBIs': '0', 'Home Runs': '0', 'Walks': '0', 'Strikeouts': '1', 'AVG': '.165', 'OBP': '.241', 'SLG': '.227', 'Hits+Runs+RBIS': '0', 'Stolen Bases': '0', 'Doubles': '0', 'Triples': '0', 'id': '32061', 'Sac Hits': '0', 'Sac Flies': '0', 'Hit by Pitch': '0', 'Bases on Defensive Interference': '0', 'Total Bases': '0', 'Singles': '0'}, {'name': 'L. Castillo', 'Team': 'Seattle Mariners', 'Pitching Outs': 18, 'Hits Allowed': '2', 'Total Runs Allowed': '0', 'Runs Allowed': '0', 'Walks Allowed': '1', 'Strikeouts': '7', 'HR': '0', 'PC-ST': '102-69', 'ERA': '2.88', 'Extra': 'W, 7-7', 'Stolen Bases': '0', 'Doubles': '0', 'Triples': '0', 'Home Runs': '0', 'id': '35124', 'Sac Hits': '0', 'Sac Flies': '0', 'Hit by Pitch': '0', 'Bases on Defensive Interference': '0'}, {'name': 'J. Topa', 'Team': 'Seattle Mariners', 'Pitching Outs': 3, 'Hits Allowed': '0', 'Total Runs Allowed': '0', 'Runs Allowed': '0', 'Walks Allowed': '0', 'Strikeouts': '1', 'HR': '0', 'PC-ST': '9-7', 'ERA': '2.59', 'Extra': 'H, 16', 'Stolen Bases': '0', 'Doubles': '0', 'Triples': '0', 'Home Runs': '0', 'id': '38796', 'Sac Hits': '0', 'Sac Flies': '0', 'Hit by Pitch': '0', 'Bases on Defensive Interference': '0'}, {'name': 'M. Brash', 'Team': 'Seattle Mariners', 'Pitching Outs': 3, 'Hits Allowed': '1', 'Total Runs Allowed': '0', 'Runs Allowed': '0', 'Walks Allowed': '0', 'Strikeouts': '2', 'HR': '0', 'PC-ST': '15-10', 'ERA': '3.53', 'Extra': 'H, 14', 'Stolen Bases': '0', 'Doubles': '0', 'Triples': '0', 'Home Runs': '0', 'id': '4894467', 'Sac Hits': '0', 'Sac Flies': '0', 'Hit by Pitch': '0', 'Bases on Defensive Interference': '0'}, {'name': 'T. Saucedo', 'Team': 'Seattle Mariners', 'Pitching Outs': 3, 'Hits Allowed': '0', 'Total Runs Allowed': '0', 'Runs Allowed': '0', 'Walks Allowed': '0', 'Strikeouts': '2', 'HR': '0', 'PC-ST': '15-12', 'ERA': '2.30', 'Stolen Bases': '0', 'Doubles': '0', 'Triples': '0', 'Home Runs': '0', 'id': '42683', 'Sac Hits': '0', 'Sac Flies': '0', 'Hit by Pitch': '0', 'Bases on Defensive Interference': '0'}]}","{'Away': ['2', '1', '0', '0', '0', '0', '0', '0', '1', '4', 10, 1], 'Home': ['0', '0', '0', '0', '0', '0', '0', '0', '0', '0', 3, 0], 'Labels': [1, 2, 3, 4, 5, 6, 7, 8, 9, 'Runs', 'Home Runs', 'Errors']}",False,mlb,20230730
Texas Rangers@San Diego Padres,"{'homeShort': 'SD', 'homeTeam': 'San Diego Padres', 'homeHitters': [{'name': 'H. Kim', 'Team': 'San Diego Padres', 'AB': '1', 'Runs': '1', 'Hits': '1', 'RBIs': '0', 'Home Runs': '0', 'Walks': '1', 'Strikeouts': '0', 'AVG': '.279', 'OBP': '.374', 'SLG': '.447', 'Hits+Runs+RBIS': '2', 'Stolen Bases': '1', 'Doubles': '0', 'Triples': '0', 'id': '4089862', 'Sac Hits': '0', 'Sac Flies': '0', 'Hit by Pitch': '0', 'Bases on Defensive Interference': '0', 'Total Bases': '1', 'Singles': '1'}, {'name': 'M. Batten', 'Team': 'San Diego Padres', 'AB': '3', 'Runs': '0', 'Hits': '0', 'RBIs': '0', 'Home Runs': '0', 'Walks': '0', 'Strikeouts': '0', 'AVG': '.231', 'OBP': '.333', 'SLG': '.462', 'Hits+Runs+RBIS': '0', 'Stolen Bases': '0', 'Doubles': '0', 'Triples': '0', 'id': '40880', 'Sac Hits': '0', 'Sac Flies': '0', 'Hit by Pitch': '0', 'Bases on Defensive Interference': '0', 'Total Bases': '0', 'Singles': '0'}, {'name': 'A. Rivas', 'Team': 'San Diego Padres', 'AB': '0', 'Runs': '0', 'Hits': '0', 'RBIs': '0', 'Home Runs': '0', 'Walks': '0', 'Strikeouts': '0', 'AVG': '.200', 'OBP': '.294', 'SLG': '.333', 'Hits+Runs+RBIS': '0', 'Stolen Bases': '0', 'Doubles': '0', 'Triples': '0', 'id': '41693', 'Sac Hits': '0', 'Sac Flies': '0', 'Hit by Pitch': '0', 'Bases on Defensive Interference': '0', 'Total Bases': '0', 'Singles': '0'}, {'name': 'F. Tatis Jr.', 'Team': 'San Diego Padres', 'AB': '5', 'Runs': '1', 'Hits': '1', 'RBIs': '1', 'Home Runs': '0', 'Walks': '0', 'Strikeouts': '0', 'AVG': '.275', 'OBP': '.332', 'SLG': '.494', 'Hits+Runs+RBIS': '3', 'Stolen Bases': '1', 'Doubles': '0', 'Triples': '0', 'id': '35983', 'Sac Hits': '0', 'Sac Flies': '0', 'Hit by Pitch': '0', 'Bases on Defensive Interference': '0', 'Total Bases': '1', 'Singles': '1'}, {'name': 'J. Soto', 'Team': 'San Diego Padres', 'AB': '4', 'Runs': '0', 'Hits': '2', 'RBIs': '1', 'Home Runs': '0', 'Walks': '1', 'Strikeouts': '2', 'AVG': '.268', 'OBP': '.420', 'SLG': '.503', 'Hits+Runs+RBIS': '3', 'Stolen Bases': '0', 'Doubles': '1', 'Triples': '0', 'id': '36969', 'Sac Hits': '0', 'Sac Flies': '0', 'Hit by Pitch': '0', 'Bases on Defensive Interference': '0', 'Total Bases': '3', 'Singles': '1'}, {'name': 'M. Machado', 'Team': 'San Diego Padres', 'AB': '5', 'Runs': '0', 'Hits': '2', 'RBIs': '0', 'Home Runs': '0', 'Walks': '0', 'Strikeouts': '1', 'AVG': '.260', 'OBP': '.318', 'SLG': '.469', 'Hits+Runs+RBIS': '2', 'Stolen Bases': '0', 'Doubles': '0', 'Triples': '0', 'id': '31097', 'Sac Hits': '0', 'Sac Flies': '0', 'Hit by Pitch': '0', 'Bases on Defensive Interference': '0', 'Total Bases': '2', 'Singles': '2'}, {'name': 'X. Bogaerts', 'Team': 'San Diego Padres', 'AB': '3', 'Runs': '0', 'Hits': '2', 'RBIs': '1', 'Home Runs': '0', 'Walks': '0', 'Strikeouts': '0', 'AVG': '.265', 'OBP': '.346', 'SLG': '.398', 'Hits+Runs+RBIS': '3', 'Stolen Bases': '0', 'Doubles': '0', 'Triples': '0', 'id': '31606', 'Sac Hits': '0', 'Sac Flies': '1', 'Hit by Pitch': '0', 'Bases on Defensive Interference': '0', 'Total Bases': '2', 'Singles': '2'}, {'name': 'J. Cronenworth', 'Team': 'San Diego Padres', 'AB': '3', 'Runs': '0', 'Hits': '2', 'RBIs': '0', 'Home Runs': '0', 'Walks': '1', 'Strikeouts': '0', 'AVG': '.216', 'OBP': '.309', 'SLG': '.359', 'Hits+Runs+RBIS': '2', 'Stolen Bases': '0', 'Doubles': '0', 'Triples': '0', 'id': '36364', 'Sac Hits': '0', 'Sac Flies': '0', 'Hit by Pitch': '0', 'Bases on Defensive Interference': '0', 'Total Bases': '2', 'Singles': '2'}, {'name': 'L. Campusano', 'Team': 'San Diego Padres', 'AB': '4', 'Runs': '0', 'Hits': '0', 'RBIs': '0', 'Home Runs': '0', 'Walks': '0', 'Strikeouts': '3', 'AVG': '.276', 'OBP': '.295', 'SLG': '.431', 'Hits+Runs+RBIS': '0', 'Stolen Bases': '0', 'Doubles': '0', 'Triples': '0', 'id': '40521', 'Sac Hits': '0', 'Sac Flies': '0', 'Hit by Pitch': '0', 'Bases on Defensive Interference': '0', 'Total Bases': '0', 'Singles': '0'}, {'name': 'G. Sanchez', 'Team': 'San Diego Padres', 'AB': '4', 'Runs': '2', 'Hits': '2', 'RBIs': '2', 'Home Runs': '2', 'Walks': '0', 'Strikeouts': '1', 'AVG': '.213', 'OBP': '.289', 'SLG': '.475', 'Hits+Runs+RBIS': '6', 'Stolen Bases': '0', 'Doubles': '0', 'Triples': '0', 'id': '31095', 'Sac Hits': '0', 'Sac Flies': '0', 'Hit by Pitch': '0', 'Bases on Defensive Interference': '0', 'Total Bases': '8', 'Singles': '0'}, {'name': 'T. Grisham', 'Team': 'San Diego Padres', 'AB': '3', 'Runs': '1', 'Hits': '1', 'RBIs': '0', 'Home Runs': '0', 'Walks': '0', 'Strikeouts': '1', 'AVG': '.207', 'OBP': '.319', 'SLG': '.380', 'Hits+Runs+RBIS': '2', 'Stolen Bases': '1', 'Doubles': '0', 'Triples': '0', 'id': '34995', 'Sac Hits': '0', 'Sac Flies': '0', 'Hit by Pitch': '1', 'Bases on Defensive Interference': '0', 'Total Bases': '1', 'Singles': '1'}], 'homePitchers': [{'name': 'B. Snell', 'Team': 'San Diego Padres', 'Pitching Outs': 15, 'Hits Allowed': '4', 'Total Runs Allowed': '1', 'Runs Allowed': '0', 'Walks Allowed': '4', 'Strikeouts': '9', 'HR': '0', 'PC-ST': '101-61', 'ERA': '2.50', 'Extra': 'W, 8-8', 'Stolen Bases': '0', 'Doubles': '0', 'Triples': '0', 'Home Runs': '0', 'id': '33748', 'Sac Hits': '0', 'Sac Flies': '0', 'Hit by Pitch': '0', 'Bases on Defensive Interference': '0'}, {'name': 'N. Martinez', 'Team': 'San Diego Padres', 'Pitching Outs': 3, 'Hits Allowed': '3', 'Total Runs Allowed': '2', 'Runs Allowed': '2', 'Walks Allowed': '0', 'Strikeouts': '2', 'HR': '0', 'PC-ST': '15-11', 'ERA': '3.98', 'Extra': 'H, 14', 'Stolen Bases': '0', 'Doubles': '0', 'Triples': '0', 'Home Runs': '0', 'id': '33372', 'Sac Hits': '0', 'Sac Flies': '0', 'Hit by Pitch': '0', 'Bases on Defensive Interference': '0'}, {'name': 'S. Wilson', 'Team': 'San Diego Padres', 'Pitching Outs': 3, 'Hits Allowed': '0', 'Total Runs Allowed': '0', 'Runs Allowed': '0', 'Walks Allowed': '1', 'Strikeouts': '0', 'HR': '0', 'PC-ST': '10-5', 'ERA': '2.45', 'Extra': 'H, 20', 'Stolen Bases': '0', 'Doubles': '0', 'Triples': '0', 'Home Runs': '0', 'id': '41828', 'Sac Hits': '0', 'Sac Flies': '0', 'Hit by Pitch': '0', 'Bases on Defensive Interference': '0'}, {'name': 'R. Suarez', 'Team': 'San Diego Padres', 'Pitching Outs': 3, 'Hits Allowed': '0', 'Total Runs Allowed': '0', 'Runs Allowed': '0', 'Walks Allowed': '0', 'Strikeouts': '1', 'HR': '0', 'PC-ST': '18-11', 'ERA': '1.80', 'Extra': 'H, 3', 'Stolen Bases': '0', 'Doubles': '0', 'Triples': '0', 'Home Runs': '0', 'id': '4148749', 'Sac Hits': '0', 'Sac Flies': '0', 'Hit by Pitch': '0', 'Bases on Defensive Interference': '0'}, {'name': 'J. Hader', 'Team': 'San Diego Padres', 'Pitching Outs': 3, 'Hits Allowed': '1', 'Total Runs Allowed': '0', 'Runs Allowed': '0', 'Walks Allowed': '2', 'Strikeouts': '1', 'HR': '0', 'PC-ST': '31-18', 'ERA': '0.90', 'Extra': 'S, 25', 'Stolen Bases': '0', 'Doubles': '0', 'Triples': '0', 'Home Runs': '0', 'id': '32760', 'Sac Hits': '0', 'Sac Flies': '0', 'Hit by Pitch': '0', 'Bases on Defensive Interference': '0'}], 'players': [{'name': 'H. Kim', 'Team': 'San Diego Padres', 'AB': '1', 'Runs': '1', 'Hits': '1', 'RBIs': '0', 'Home Runs': '0', 'Walks': '1', 'Strikeouts': '0', 'AVG': '.279', 'OBP': '.374', 'SLG': '.447', 'Hits+Runs+RBIS': '2', 'Stolen Bases': '1', 'Doubles': '0', 'Triples': '0', 'id': '4089862', 'Sac Hits': '0', 'Sac Flies': '0', 'Hit by Pitch': '0', 'Bases on Defensive Interference': '0', 'Total Bases': '1', 'Singles': '1'}, {'name': 'M. Batten', 'Team': 'San Diego Padres', 'AB': '3', 'Runs': '0', 'Hits': '0', 'RBIs': '0', 'Home Runs': '0', 'Walks': '0', 'Strikeouts': '0', 'AVG': '.231', 'OBP': '.333', 'SLG': '.462', 'Hits+Runs+RBIS': '0', 'Stolen Bases': '0', 'Doubles': '0', 'Triples': '0', 'id': '40880', 'Sac Hits': '0', 'Sac Flies': '0', 'Hit by Pitch': '0', 'Bases on Defensive Interference': '0', 'Total Bases': '0', 'Singles': '0'}, {'name': 'A. Rivas', 'Team': 'San Diego Padres', 'AB': '0', 'Runs': '0', 'Hits': '0', 'RBIs': '0', 'Home Runs': '0', 'Walks': '0', 'Strikeouts': '0', 'AVG': '.200', 'OBP': '.294', 'SLG': '.333', 'Hits+Runs+RBIS': '0', 'Stolen Bases': '0', 'Doubles': '0', 'Triples': '0', 'id': '41693', 'Sac Hits': '0', 'Sac Flies': '0', 'Hit by Pitch': '0', 'Bases on Defensive Interference': '0', 'Total Bases': '0', 'Singles': '0'}, {'name': 'F. Tatis Jr.', 'Team': 'San Diego Padres', 'AB': '5', 'Runs': '1', 'Hits': '1', 'RBIs': '1', 'Home Runs': '0', 'Walks': '0', 'Strikeouts': '0', 'AVG': '.275', 'OBP': '.332', 'SLG': '.494', 'Hits+Runs+RBIS': '3', 'Stolen Bases': '1', 'Doubles': '0', 'Triples': '0', 'id': '35983', 'Sac Hits': '0', 'Sac Flies': '0', 'Hit by Pitch': '0', 'Bases on Defensive Interference': '0', 'Total Bases': '1', 'Singles': '1'}, {'name': 'J. Soto', 'Team': 'San Diego Padres', 'AB': '4', 'Runs': '0', 'Hits': '2', 'RBIs': '1', 'Home Runs': '0', 'Walks': '1', 'Strikeouts': '2', 'AVG': '.268', 'OBP': '.420', 'SLG': '.503', 'Hits+Runs+RBIS': '3', 'Stolen Bases': '0', 'Doubles': '1', 'Triples': '0', 'id': '36969', 'Sac Hits': '0', 'Sac Flies': '0', 'Hit by Pitch': '0', 'Bases on Defensive Interference': '0', 'Total Bases': '3', 'Singles': '1'}, {'name': 'M. Machado', 'Team': 'San Diego Padres', 'AB': '5', 'Runs': '0', 'Hits': '2', 'RBIs': '0', 'Home Runs': '0', 'Walks': '0', 'Strikeouts': '1', 'AVG': '.260', 'OBP': '.318', 'SLG': '.469', 'Hits+Runs+RBIS': '2', 'Stolen Bases': '0', 'Doubles': '0', 'Triples': '0', 'id': '31097', 'Sac Hits': '0', 'Sac Flies': '0', 'Hit by Pitch': '0', 'Bases on Defensive Interference': '0', 'Total Bases': '2', 'Singles': '2'}, {'name': 'X. Bogaerts', 'Team': 'San Diego Padres', 'AB': '3', 'Runs': '0', 'Hits': '2', 'RBIs': '1', 'Home Runs': '0', 'Walks': '0', 'Strikeouts': '0', 'AVG': '.265', 'OBP': '.346', 'SLG': '.398', 'Hits+Runs+RBIS': '3', 'Stolen Bases': '0', 'Doubles': '0', 'Triples': '0', 'id': '31606', 'Sac Hits': '0', 'Sac Flies': '1', 'Hit by Pitch': '0', 'Bases on Defensive Interference': '0', 'Total Bases': '2', 'Singles': '2'}, {'name': 'J. Cronenworth', 'Team': 'San Diego Padres', 'AB': '3', 'Runs': '0', 'Hits': '2', 'RBIs': '0', 'Home Runs': '0', 'Walks': '1', 'Strikeouts': '0', 'AVG': '.216', 'OBP': '.309', 'SLG': '.359', 'Hits+Runs+RBIS': '2', 'Stolen Bases': '0', 'Doubles': '0', 'Triples': '0', 'id': '36364', 'Sac Hits': '0', 'Sac Flies': '0', 'Hit by Pitch': '0', 'Bases on Defensive Interference': '0', 'Total Bases': '2', 'Singles': '2'}, {'name': 'L. Campusano', 'Team': 'San Diego Padres', 'AB': '4', 'Runs': '0', 'Hits': '0', 'RBIs': '0', 'Home Runs': '0', 'Walks': '0', 'Strikeouts': '3', 'AVG': '.276', 'OBP': '.295', 'SLG': '.431', 'Hits+Runs+RBIS': '0', 'Stolen Bases': '0', 'Doubles': '0', 'Triples': '0', 'id': '40521', 'Sac Hits': '0', 'Sac Flies': '0', 'Hit by Pitch': '0', 'Bases on Defensive Interference': '0', 'Total Bases': '0', 'Singles': '0'}, {'name': 'G. Sanchez', 'Team': 'San Diego Padres', 'AB': '4', 'Runs': '2', 'Hits': '2', 'RBIs': '2', 'Home Runs': '2', 'Walks': '0', 'Strikeouts': '1', 'AVG': '.213', 'OBP': '.289', 'SLG': '.475', 'Hits+Runs+RBIS': '6', 'Stolen Bases': '0', 'Doubles': '0', 'Triples': '0', 'id': '31095', 'Sac Hits': '0', 'Sac Flies': '0', 'Hit by Pitch': '0', 'Bases on Defensive Interference': '0', 'Total Bases': '8', 'Singles': '0'}, {'name': 'T. Grisham', 'Team': 'San Diego Padres', 'AB': '3', 'Runs': '1', 'Hits': '1', 'RBIs': '0', 'Home Runs': '0', 'Walks': '0', 'Strikeouts': '1', 'AVG': '.207', 'OBP': '.319', 'SLG': '.380', 'Hits+Runs+RBIS': '2', 'Stolen Bases': '1', 'Doubles': '0', 'Triples': '0', 'id': '34995', 'Sac Hits': '0', 'Sac Flies': '0', 'Hit by Pitch': '1', 'Bases on Defensive Interference': '0', 'Total Bases': '1', 'Singles': '1'}, {'name': 'B. Snell', 'Team': 'San Diego Padres', 'Pitching Outs': 15, 'Hits Allowed': '4', 'Total Runs Allowed': '1', 'Runs Allowed': '0', 'Walks Allowed': '4', 'Strikeouts': '9', 'HR': '0', 'PC-ST': '101-61', 'ERA': '2.50', 'Extra': 'W, 8-8', 'Stolen Bases': '0', 'Doubles': '0', 'Triples': '0', 'Home Runs': '0', 'id': '33748', 'Sac Hits': '0', 'Sac Flies': '0', 'Hit by Pitch': '0', 'Bases on Defensive Interference': '0'}, {'name': 'N. Martinez', 'Team': 'San Diego Padres', 'Pitching Outs': 3, 'Hits Allowed': '3', 'Total Runs Allowed': '2', 'Runs Allowed': '2', 'Walks Allowed': '0', 'Strikeouts': '2', 'HR': '0', 'PC-ST': '15-11', 'ERA': '3.98', 'Extra': 'H, 14', 'Stolen Bases': '0', 'Doubles': '0', 'Triples': '0', 'Home Runs': '0', 'id': '33372', 'Sac Hits': '0', 'Sac Flies': '0', 'Hit by Pitch': '0', 'Bases on Defensive Interference': '0'}, {'name': 'S. Wilson', 'Team': 'San Diego Padres', 'Pitching Outs': 3, 'Hits Allowed': '0', 'Total Runs Allowed': '0', 'Runs Allowed': '0', 'Walks Allowed': '1', 'Strikeouts': '0', 'HR': '0', 'PC-ST': '10-5', 'ERA': '2.45', 'Extra': 'H, 20', 'Stolen Bases': '0', 'Doubles': '0', 'Triples': '0', 'Home Runs': '0', 'id': '41828', 'Sac Hits': '0', 'Sac Flies': '0', 'Hit by Pitch': '0', 'Bases on Defensive Interference': '0'}, {'name': 'R. Suarez', 'Team': 'San Diego Padres', 'Pitching Outs': 3, 'Hits Allowed': '0', 'Total Runs Allowed': '0', 'Runs Allowed': '0', 'Walks Allowed': '0', 'Strikeouts': '1', 'HR': '0', 'PC-ST': '18-11', 'ERA': '1.80', 'Extra': 'H, 3', 'Stolen Bases': '0', 'Doubles': '0', 'Triples': '0', 'Home Runs': '0', 'id': '4148749', 'Sac Hits': '0', 'Sac Flies': '0', 'Hit by Pitch': '0', 'Bases on Defensive Interference': '0'}, {'name': 'J. Hader', 'Team': 'San Diego Padres', 'Pitching Outs': 3, 'Hits Allowed': '1', 'Total Runs Allowed': '0', 'Runs Allowed': '0', 'Walks Allowed': '2', 'Strikeouts': '1', 'HR': '0', 'PC-ST': '31-18', 'ERA': '0.90', 'Extra': 'S, 25', 'Stolen Bases': '0', 'Doubles': '0', 'Triples': '0', 'Home Runs': '0', 'id': '32760', 'Sac Hits': '0', 'Sac Flies': '0', 'Hit by Pitch': '0', 'Bases on Defensive Interference': '0'}]}","{'awayShort': 'TEX', 'awayTeam': 'Texas Rangers', 'awayHitters': [{'name': 'M. Semien', 'Team': 'Texas Rangers', 'AB': '5', 'Runs': '0', 'Hits': '1', 'RBIs': '2', 'Home Runs': '0', 'Walks': '0', 'Strikeouts': '1', 'AVG': '.274', 'OBP': '.342', 'SLG': '.447', 'Hits+Runs+RBIS': '3', 'Stolen Bases': '0', 'Doubles': '0', 'Triples': '0', 'id': '32146', 'Sac Hits': '0', 'Sac Flies': '0', 'Hit by Pitch': '0', 'Bases on Defensive Interference': '0', 'Total Bases': '1', 'Singles': '1'}, {'name': 'R. Grossman', 'Team': 'Texas Rangers', 'AB': '2', 'Runs': '0', 'Hits': '1', 'RBIs': '0', 'Home Runs': '0', 'Walks': '3', 'Strikeouts': '1', 'AVG': '.225', 'OBP': '.307', 'SLG': '.369', 'Hits+Runs+RBIS': '1', 'Stolen Bases': '0', 'Doubles': '0', 'Triples': '0', 'id': '31385', 'Sac Hits': '0', 'Sac Flies': '0', 'Hit by Pitch': '0', 'Bases on Defensive Interference': '0', 'Total Bases': '1', 'Singles': '1'}, {'name': 'N. Lowe', 'Team': 'Texas Rangers', 'AB': '4', 'Runs': '0', 'Hits': '2', 'RBIs': '0', 'Home Runs': '0', 'Walks': '1', 'Strikeouts': '2', 'AVG': '.287', 'OBP': '.382', 'SLG': '.453', 'Hits+Runs+RBIS': '2', 'Stolen Bases': '0', 'Doubles': '1', 'Triples': '0', 'id': '40538', 'Sac Hits': '0', 'Sac Flies': '0', 'Hit by Pitch': '0', 'Bases on Defensive Interference': '0', 'Total Bases': '3', 'Singles': '1'}, {'name': 'B. Thompson', 'Team': 'Texas Rangers', 'AB': '0', 'Runs': '0', 'Hits': '0', 'RBIs': '0', 'Home Runs': '0', 'Walks': '0', 'Strikeouts': '0', 'AVG': '.170', 'OBP': '.237', 'SLG': '.283', 'Hits+Runs+RBIS': '0', 'Stolen Bases': '0', 'Doubles': '0', 'Triples': '0', 'id': '39644', 'Sac Hits': '0', 'Sac Flies': '0', 'Hit by Pitch': '0', 'Bases on Defensive Interference': '0', 'Total Bases': '0', 'Singles': '0'}, {'name': 'A. García', 'Team': 'Texas Rangers', 'AB': '4', 'Runs': '0', 'Hits': '1', 'RBIs': '0', 'Home Runs': '0', 'Walks': '1', 'Strikeouts': '1', 'AVG': '.259', 'OBP': '.332', 'SLG': '.505', 'Hits+Runs+RBIS': '1', 'Stolen Bases': '0', 'Doubles': '0', 'Triples': '0', 'id': '35537', 'Sac Hits': '0', 'Sac Flies': '0', 'Hit by Pitch': '0', 'Bases on Defensive Interference': '0', 'Total Bases': '1', 'Singles': '1'}, {'name': 'J. Jung', 'Team': 'Texas Rangers', 'AB': '5', 'Runs': '0', 'Hits': '0', 'RBIs': '0', 'Home Runs': '0', 'Walks': '0', 'Strikeouts': '1', 'AVG': '.272', 'OBP': '.321', 'SLG': '.480', 'Hits+Runs+RBIS': '0', 'Stolen Bases': '0', 'Doubles': '0', 'Triples': '0', 'id': '42437', 'Sac Hits': '0', 'Sac Flies': '0', 'Hit by Pitch': '0', 'Bases on Defensive Interference': '0', 'Total Bases': '0', 'Singles': '0'}, {'name': 'M. Garver', 'Team': 'Texas Rangers', 'AB': '3', 'Runs': '1', 'Hits': '1', 'RBIs': '0', 'Home Runs': '0', 'Walks': '1', 'Strikeouts': '1', 'AVG': '.252', 'OBP': '.341', 'SLG': '.429', 'Hits+Runs+RBIS': '2', 'Stolen Bases': '0', 'Doubles': '0', 'Triples': '0', 'id': '33667', 'Sac Hits': '0', 'Sac Flies': '0', 'Hit by Pitch': '0', 'Bases on Defensive Interference': '0', 'Total Bases': '1', 'Singles': '1'}, {'name': 'E. Duran', 'Team': 'Texas Rangers', 'AB': '3', 'Runs': '2', 'Hits': '1', 'RBIs': '0', 'Home Runs': '0', 'Walks': '1', 'Strikeouts': '1', 'AVG': '.287', 'OBP': '.332', 'SLG': '.488', 'Hits+Runs+RBIS': '3', 'Stolen Bases': '1', 'Doubles': '0', 'Triples': '0', 'id': '42457', 'Sac Hits': '0', 'Sac Flies': '0', 'Hit by Pitch': '0', 'Bases on Defensive Interference': '0', 'Total Bases': '1', 'Singles': '1'}, {'name': 'S. Huff', 'Team': 'Texas Rangers', 'AB': '4', 'Runs': '0', 'Hits': '0', 'RBIs': '0', 'Home Runs': '0', 'Walks': '0', 'Strikeouts': '2', 'AVG': '.130', 'OBP': '.200', 'SLG': '.261', 'Hits+Runs+RBIS': '0', 'Stolen Bases': '0', 'Doubles': '0', 'Triples': '0', 'id': '40798', 'Sac Hits': '0', 'Sac Flies': '0', 'Hit by Pitch': '0', 'Bases on Defensive Interference': '0', 'Total Bases': '0', 'Singles': '0'}, {'name': 'L. Taveras', 'Team': 'Texas Rangers', 'AB': '4', 'Runs': '0', 'Hits': '1', 'RBIs': '0', 'Home Runs': '0', 'Walks': '0', 'Strikeouts': '3', 'AVG': '.278', 'OBP': '.321', 'SLG': '.444', 'Hits+Runs+RBIS': '1', 'Stolen Bases': '1', 'Doubles': '0', 'Triples': '0', 'id': '34951', 'Sac Hits': '0', 'Sac Flies': '0', 'Hit by Pitch': '0', 'Bases on Defensive Interference': '0', 'Total Bases': '1', 'Singles': '1'}], 'awayPitchers': [{'name': 'C. Bradford', 'Team': 'Texas Rangers', 'Pitching Outs': 9, 'Hits Allowed': '4', 'Total Runs Allowed': '1', 'Runs Allowed': '1', 'Walks Allowed': '3', 'Strikeouts': '5', 'HR': '0', 'PC-ST': '76-45', 'ERA': '4.50', 'Stolen Bases': '0', 'Doubles': '0', 'Triples': '0', 'Home Runs': '0', 'id': '4142539', 'Sac Hits': '0', 'Sac Flies': '0', 'Hit by Pitch': '0', 'Bases on Defensive Interference': '0'}, {'name': 'J. Leclerc', 'Team': 'Texas Rangers', 'Pitching Outs': 2, 'Hits Allowed': '1', 'Total Runs Allowed': '2', 'Runs Allowed': '2', 'Walks Allowed': '0', 'Strikeouts': '0', 'HR': '1', 'PC-ST': '14-7', 'ERA': '3.15', 'Extra': 'L, 0-2', 'Stolen Bases': '0', 'Doubles': '0', 'Triples': '0', 'Home Runs': '0', 'id': '33926', 'Sac Hits': '0', 'Sac Flies': '0', 'Hit by Pitch': '0', 'Bases on Defensive Interference': '0'}, {'name': 'B. Burke', 'Team': 'Texas Rangers', 'Pitching Outs': 6, 'Hits Allowed': '5', 'Total Runs Allowed': '1', 'Runs Allowed': '1', 'Walks Allowed': '0', 'Strikeouts': '1', 'HR': '1', 'PC-ST': '29-20', 'ERA': '2.72', 'Stolen Bases': '0', 'Doubles': '0', 'Triples': '0', 'Home Runs': '0', 'id': '39945', 'Sac Hits': '0', 'Sac Flies': '0', 'Hit by Pitch': '0', 'Bases on Defensive Interference': '0'}, {'name': 'G. Anderson', 'Team': 'Texas Rangers', 'Pitching Outs': 4, 'Hits Allowed': '1', 'Total Runs Allowed': '0', 'Runs Allowed': '0', 'Walks Allowed': '0', 'Strikeouts': '1', 'HR': '0', 'PC-ST': '17-11', 'ERA': '4.97', 'Stolen Bases': '0', 'Doubles': '0', 'Triples': '0', 'Home Runs': '0', 'id': '42161', 'Sac Hits': '0', 'Sac Flies': '0', 'Hit by Pitch': '0', 'Bases on Defensive Interference': '0'}, {'name': 'W. Smith', 'Team': 'Texas Rangers', 'Pitching Outs': 3, 'Hits Allowed': '2', 'Total Runs Allowed': '1', 'Runs Allowed': '1', 'Walks Allowed': '0', 'Strikeouts': '1', 'HR': '0', 'PC-ST': '18-13', 'ERA': '2.84', 'Stolen Bases': '0', 'Doubles': '0', 'Triples': '0', 'Home Runs': '0', 'id': '31549', 'Sac Hits': '0', 'Sac Flies': '0', 'Hit by Pitch': '0', 'Bases on Defensive Interference': '0'}], 'players': [{'name': 'M. Semien', 'Team': 'Texas Rangers', 'AB': '5', 'Runs': '0', 'Hits': '1', 'RBIs': '2', 'Home Runs': '0', 'Walks': '0', 'Strikeouts': '1', 'AVG': '.274', 'OBP': '.342', 'SLG': '.447', 'Hits+Runs+RBIS': '3', 'Stolen Bases': '0', 'Doubles': '0', 'Triples': '0', 'id': '32146', 'Sac Hits': '0', 'Sac Flies': '0', 'Hit by Pitch': '0', 'Bases on Defensive Interference': '0', 'Total Bases': '1', 'Singles': '1'}, {'name': 'R. Grossman', 'Team': 'Texas Rangers', 'AB': '2', 'Runs': '0', 'Hits': '1', 'RBIs': '0', 'Home Runs': '0', 'Walks': '3', 'Strikeouts': '1', 'AVG': '.225', 'OBP': '.307', 'SLG': '.369', 'Hits+Runs+RBIS': '1', 'Stolen Bases': '0', 'Doubles': '0', 'Triples': '0', 'id': '31385', 'Sac Hits': '0', 'Sac Flies': '0', 'Hit by Pitch': '0', 'Bases on Defensive Interference': '0', 'Total Bases': '1', 'Singles': '1'}, {'name': 'N. Lowe', 'Team': 'Texas Rangers', 'AB': '4', 'Runs': '0', 'Hits': '2', 'RBIs': '0', 'Home Runs': '0', 'Walks': '1', 'Strikeouts': '2', 'AVG': '.287', 'OBP': '.382', 'SLG': '.453', 'Hits+Runs+RBIS': '2', 'Stolen Bases': '0', 'Doubles': '1', 'Triples': '0', 'id': '40538', 'Sac Hits': '0', 'Sac Flies': '0', 'Hit by Pitch': '0', 'Bases on Defensive Interference': '0', 'Total Bases': '3', 'Singles': '1'}, {'name': 'B. Thompson', 'Team': 'Texas Rangers', 'AB': '0', 'Runs': '0', 'Hits': '0', 'RBIs': '0', 'Home Runs': '0', 'Walks': '0', 'Strikeouts': '0', 'AVG': '.170', 'OBP': '.237', 'SLG': '.283', 'Hits+Runs+RBIS': '0', 'Stolen Bases': '0', 'Doubles': '0', 'Triples': '0', 'id': '39644', 'Sac Hits': '0', 'Sac Flies': '0', 'Hit by Pitch': '0', 'Bases on Defensive Interference': '0', 'Total Bases': '0', 'Singles': '0'}, {'name': 'A. García', 'Team': 'Texas Rangers', 'AB': '4', 'Runs': '0', 'Hits': '1', 'RBIs': '0', 'Home Runs': '0', 'Walks': '1', 'Strikeouts': '1', 'AVG': '.259', 'OBP': '.332', 'SLG': '.505', 'Hits+Runs+RBIS': '1', 'Stolen Bases': '0', 'Doubles': '0', 'Triples': '0', 'id': '35537', 'Sac Hits': '0', 'Sac Flies': '0', 'Hit by Pitch': '0', 'Bases on Defensive Interference': '0', 'Total Bases': '1', 'Singles': '1'}, {'name': 'J. Jung', 'Team': 'Texas Rangers', 'AB': '5', 'Runs': '0', 'Hits': '0', 'RBIs': '0', 'Home Runs': '0', 'Walks': '0', 'Strikeouts': '1', 'AVG': '.272', 'OBP': '.321', 'SLG': '.480', 'Hits+Runs+RBIS': '0', 'Stolen Bases': '0', 'Doubles': '0', 'Triples': '0', 'id': '42437', 'Sac Hits': '0', 'Sac Flies': '0', 'Hit by Pitch': '0', 'Bases on Defensive Interference': '0', 'Total Bases': '0', 'Singles': '0'}, {'name': 'M. Garver', 'Team': 'Texas Rangers', 'AB': '3', 'Runs': '1', 'Hits': '1', 'RBIs': '0', 'Home Runs': '0', 'Walks': '1', 'Strikeouts': '1', 'AVG': '.252', 'OBP': '.341', 'SLG': '.429', 'Hits+Runs+RBIS': '2', 'Stolen Bases': '0', 'Doubles': '0', 'Triples': '0', 'id': '33667', 'Sac Hits': '0', 'Sac Flies': '0', 'Hit by Pitch': '0', 'Bases on Defensive Interference': '0', 'Total Bases': '1', 'Singles': '1'}, {'name': 'E. Duran', 'Team': 'Texas Rangers', 'AB': '3', 'Runs': '2', 'Hits': '1', 'RBIs': '0', 'Home Runs': '0', 'Walks': '1', 'Strikeouts': '1', 'AVG': '.287', 'OBP': '.332', 'SLG': '.488', 'Hits+Runs+RBIS': '3', 'Stolen Bases': '1', 'Doubles': '0', 'Triples': '0', 'id': '42457', 'Sac Hits': '0', 'Sac Flies': '0', 'Hit by Pitch': '0', 'Bases on Defensive Interference': '0', 'Total Bases': '1', 'Singles': '1'}, {'name': 'S. Huff', 'Team': 'Texas Rangers', 'AB': '4', 'Runs': '0', 'Hits': '0', 'RBIs': '0', 'Home Runs': '0', 'Walks': '0', 'Strikeouts': '2', 'AVG': '.130', 'OBP': '.200', 'SLG': '.261', 'Hits+Runs+RBIS': '0', 'Stolen Bases': '0', 'Doubles': '0', 'Triples': '0', 'id': '40798', 'Sac Hits': '0', 'Sac Flies': '0', 'Hit by Pitch': '0', 'Bases on Defensive Interference': '0', 'Total Bases': '0', 'Singles': '0'}, {'name': 'L. Taveras', 'Team': 'Texas Rangers', 'AB': '4', 'Runs': '0', 'Hits': '1', 'RBIs': '0', 'Home Runs': '0', 'Walks': '0', 'Strikeouts': '3', 'AVG': '.278', 'OBP': '.321', 'SLG': '.444', 'Hits+Runs+RBIS': '1', 'Stolen Bases': '1', 'Doubles': '0', 'Triples': '0', 'id': '34951', 'Sac Hits': '0', 'Sac Flies': '0', 'Hit by Pitch': '0', 'Bases on Defensive Interference': '0', 'Total Bases': '1', 'Singles': '1'}, {'name': 'C. Bradford', 'Team': 'Texas Rangers', 'Pitching Outs': 9, 'Hits Allowed': '4', 'Total Runs Allowed': '1', 'Runs Allowed': '1', 'Walks Allowed': '3', 'Strikeouts': '5', 'HR': '0', 'PC-ST': '76-45', 'ERA': '4.50', 'Stolen Bases': '0', 'Doubles': '0', 'Triples': '0', 'Home Runs': '0', 'id': '4142539', 'Sac Hits': '0', 'Sac Flies': '0', 'Hit by Pitch': '0', 'Bases on Defensive Interference': '0'}, {'name': 'J. Leclerc', 'Team': 'Texas Rangers', 'Pitching Outs': 2, 'Hits Allowed': '1', 'Total Runs Allowed': '2', 'Runs Allowed': '2', 'Walks Allowed': '0', 'Strikeouts': '0', 'HR': '1', 'PC-ST': '14-7', 'ERA': '3.15', 'Extra': 'L, 0-2', 'Stolen Bases': '0', 'Doubles': '0', 'Triples': '0', 'Home Runs': '0', 'id': '33926', 'Sac Hits': '0', 'Sac Flies': '0', 'Hit by Pitch': '0', 'Bases on Defensive Interference': '0'}, {'name': 'B. Burke', 'Team': 'Texas Rangers', 'Pitching Outs': 6, 'Hits Allowed': '5', 'Total Runs Allowed': '1', 'Runs Allowed': '1', 'Walks Allowed': '0', 'Strikeouts': '1', 'HR': '1', 'PC-ST': '29-20', 'ERA': '2.72', 'Stolen Bases': '0', 'Doubles': '0', 'Triples': '0', 'Home Runs': '0', 'id': '39945', 'Sac Hits': '0', 'Sac Flies': '0', 'Hit by Pitch': '0', 'Bases on Defensive Interference': '0'}, {'name': 'G. Anderson', 'Team': 'Texas Rangers', 'Pitching Outs': 4, 'Hits Allowed': '1', 'Total Runs Allowed': '0', 'Runs Allowed': '0', 'Walks Allowed': '0', 'Strikeouts': '1', 'HR': '0', 'PC-ST': '17-11', 'ERA': '4.97', 'Stolen Bases': '0', 'Doubles': '0', 'Triples': '0', 'Home Runs': '0', 'id': '42161', 'Sac Hits': '0', 'Sac Flies': '0', 'Hit by Pitch': '0', 'Bases on Defensive Interference': '0'}, {'name': 'W. Smith', 'Team': 'Texas Rangers', 'Pitching Outs': 3, 'Hits Allowed': '2', 'Total Runs Allowed': '1', 'Runs Allowed': '1', 'Walks Allowed': '0', 'Strikeouts': '1', 'HR': '0', 'PC-ST': '18-13', 'ERA': '2.84', 'Stolen Bases': '0', 'Doubles': '0', 'Triples': '0', 'Home Runs': '0', 'id': '31549', 'Sac Hits': '0', 'Sac Flies': '0', 'Hit by Pitch': '0', 'Bases on Defensive Interference': '0'}]}","{'Away': ['0', '0', '0', '1', '0', '2', '0', '0', '0', '3', 8, 1], 'Home': ['0', '0', '1', '2', '1', '0', '0', '1', '-', '5', 13, 1], 'Labels': [1, 2, 3, 4, 5, 6, 7, 8, 9, 'Runs', 'Home Runs', 'Errors']}",False,mlb,20230730
New York Yankees@Baltimore Orioles,"{'homeShort': 'BAL', 'homeTeam': 'Baltimore Orioles', 'homeHitters': [{'name': 'A. Rutschman', 'Team': 'Baltimore Orioles', 'AB': '4', 'Runs': '2', 'Hits': '3', 'RBIs': '1', 'Home Runs': '0', 'Walks': '1', 'Strikeouts': '0', 'AVG': '.272', 'OBP': '.374', 'SLG': '.427', 'Hits+Runs+RBIS': '6', 'Stolen Bases': '0', 'Doubles': '0', 'Triples': '0', 'id': '42178', 'Sac Hits': '0', 'Sac Flies': '0', 'Hit by Pitch': '0', 'Bases on Defensive Interference': '0', 'Total Bases': '3', 'Singles': '3'}, {'name': 'G. Henderson', 'Team': 'Baltimore Orioles', 'AB': '5', 'Runs': '2', 'Hits': '2', 'RBIs': '1', 'Home Runs': '0', 'Walks': '0', 'Strikeouts': '1', 'AVG': '.241', 'OBP': '.332', 'SLG': '.463', 'Hits+Runs+RBIS': '5', 'Stolen Bases': '0', 'Doubles': '1', 'Triples': '0', 'id': '42507', 'Sac Hits': '0', 'Sac Flies': '0', 'Hit by Pitch': '0', 'Bases on Defensive Interference': '0', 'Total Bases': '3', 'Singles': '1'}, {'name': 'A. Santander', 'Team': 'Baltimore Orioles', 'AB': '4', 'Runs': '1', 'Hits': '1', 'RBIs': '1', 'Home Runs': '0', 'Walks': '1', 'Strikeouts': '1', 'AVG': '.256', 'OBP': '.328', 'SLG': '.470', 'Hits+Runs+RBIS': '3', 'Stolen Bases': '0', 'Doubles': '1', 'Triples': '0', 'id': '36084', 'Sac Hits': '0', 'Sac Flies': '0', 'Hit by Pitch': '0', 'Bases on Defensive Interference': '0', 'Total Bases': '2', 'Singles': '0'}, {'name': ""R. O'Hearn"", 'Team': 'Baltimore Orioles', 'AB': '5', 'Runs': '1', 'Hits': '2', 'RBIs': '3', 'Home Runs': '0', 'Walks': '0', 'Strikeouts': '2', 'AVG': '.304', 'OBP': '.345', 'SLG': '.525', 'Hits+Runs+RBIS': '6', 'Stolen Bases': '0', 'Doubles': '1', 'Triples': '0', 'id': '35183', 'Sac Hits': '0', 'Sac Flies': '0', 'Hit by Pitch': '0', 'Bases on Defensive Interference': '0', 'Total Bases': '3', 'Singles': '1'}, {'name': 'A. Hays', 'Team': 'Baltimore Orioles', 'AB': '3', 'Runs': '1', 'Hits': '0', 'RBIs': '0', 'Home Runs': '0', 'Walks': '1', 'Strikeouts': '1', 'AVG': '.287', 'OBP': '.328', 'SLG': '.449', 'Hits+Runs+RBIS': '1', 'Stolen Bases': '0', 'Doubles': '0', 'Triples': '0', 'id': '36928', 'Sac Hits': '0', 'Sac Flies': '0', 'Hit by Pitch': '0', 'Bases on Defensive Interference': '0', 'Total Bases': '0', 'Singles': '0'}, {'name': 'A. Frazier', 'Team': 'Baltimore Orioles', 'AB': '4', 'Runs': '1', 'Hits': '1', 'RBIs': '3', 'Home Runs': '1', 'Walks': '0', 'Strikeouts': '1', 'AVG': '.239', 'OBP': '.301', 'SLG': '.425', 'Hits+Runs+RBIS': '5', 'Stolen Bases': '0', 'Doubles': '0', 'Triples': '0', 'id': '33546', 'Sac Hits': '0', 'Sac Flies': '0', 'Hit by Pitch': '0', 'Bases on Defensive Interference': '0', 'Total Bases': '4', 'Singles': '0'}, {'name': 'R. Urias', 'Team': 'Baltimore Orioles', 'AB': '4', 'Runs': '0', 'Hits': '1', 'RBIs': '0', 'Home Runs': '0', 'Walks': '0', 'Strikeouts': '2', 'AVG': '.253', 'OBP': '.319', 'SLG': '.380', 'Hits+Runs+RBIS': '1', 'Stolen Bases': '0', 'Doubles': '0', 'Triples': '0', 'id': '40610', 'Sac Hits': '0', 'Sac Flies': '0', 'Hit by Pitch': '0', 'Bases on Defensive Interference': '0', 'Total Bases': '1', 'Singles': '1'}, {'name': 'J. Westburg', 'Team': 'Baltimore Orioles', 'AB': '3', 'Runs': '1', 'Hits': '1', 'RBIs': '0', 'Home Runs': '0', 'Walks': '0', 'Strikeouts': '1', 'AVG': '.253', 'OBP': '.309', 'SLG': '.413', 'Hits+Runs+RBIS': '2', 'Stolen Bases': '1', 'Doubles': '0', 'Triples': '0', 'id': '4298641', 'Sac Hits': '0', 'Sac Flies': '0', 'Hit by Pitch': '0', 'Bases on Defensive Interference': '0', 'Total Bases': '1', 'Singles': '1'}, {'name': 'R. McKenna', 'Team': 'Baltimore Orioles', 'AB': '1', 'Runs': '0', 'Hits': '1', 'RBIs': '0', 'Home Runs': '0', 'Walks': '0', 'Strikeouts': '0', 'AVG': '.268', 'OBP': '.326', 'SLG': '.402', 'Hits+Runs+RBIS': '1', 'Stolen Bases': '0', 'Doubles': '0', 'Triples': '0', 'id': '39147', 'Sac Hits': '0', 'Sac Flies': '0', 'Hit by Pitch': '0', 'Bases on Defensive Interference': '0', 'Total Bases': '1', 'Singles': '1'}, {'name': 'J. McCann', 'Team': 'Baltimore Orioles', 'AB': '3', 'Runs': '0', 'Hits': '0', 'RBIs': '0', 'Home Runs': '0', 'Walks': '0', 'Strikeouts': '3', 'AVG': '.195', 'OBP': '.231', 'SLG': '.333', 'Hits+Runs+RBIS': '0', 'Stolen Bases': '1', 'Doubles': '0', 'Triples': '0', 'id': '32046', 'Sac Hits': '0', 'Sac Flies': '0', 'Hit by Pitch': '1', 'Bases on Defensive Interference': '0', 'Total Bases': '0', 'Singles': '0'}], 'homePitchers': [{'name': 'D. Kremer', 'Team': 'Baltimore Orioles', 'Pitching Outs': 12, 'Hits Allowed': '7', 'Total Runs Allowed': '3', 'Runs Allowed': '3', 'Walks Allowed': '2', 'Strikeouts': '7', 'HR': '1', 'PC-ST': '90-59', 'ERA': '4.66', 'Stolen Bases': '0', 'Doubles': '0', 'Triples': '0', 'Home Runs': '0', 'id': '38295', 'Sac Hits': '0', 'Sac Flies': '0', 'Hit by Pitch': '0', 'Bases on Defensive Interference': '0'}, {'name': 'M. Baumann', 'Team': 'Baltimore Orioles', 'Pitching Outs': 3, 'Hits Allowed': '1', 'Total Runs Allowed': '0', 'Runs Allowed': '0', 'Walks Allowed': '0', 'Strikeouts': '1', 'HR': '0', 'PC-ST': '19-12', 'ERA': '3.48', 'Extra': 'W, 8-0', 'Stolen Bases': '0', 'Doubles': '0', 'Triples': '0', 'Home Runs': '0', 'id': '40543', 'Sac Hits': '0', 'Sac Flies': '0', 'Hit by Pitch': '0', 'Bases on Defensive Interference': '0'}, {'name': 'S. Fujinami', 'Team': 'Baltimore Orioles', 'Pitching Outs': 6, 'Hits Allowed': '1', 'Total Runs Allowed': '0', 'Runs Allowed': '0', 'Walks Allowed': '1', 'Strikeouts': '4', 'HR': '0', 'PC-ST': '38-23', 'ERA': '8.08', 'Stolen Bases': '0', 'Doubles': '0', 'Triples': '0', 'Home Runs': '0', 'id': '4142398', 'Sac Hits': '0', 'Sac Flies': '0', 'Hit by Pitch': '0', 'Bases on Defensive Interference': '0'}, {'name': 'D. Coulombe', 'Team': 'Baltimore Orioles', 'Pitching Outs': 3, 'Hits Allowed': '0', 'Total Runs Allowed': '0', 'Runs Allowed': '0', 'Walks Allowed': '0', 'Strikeouts': '3', 'HR': '0', 'PC-ST': '14-10', 'ERA': '3.00', 'Stolen Bases': '0', 'Doubles': '0', 'Triples': '0', 'Home Runs': '0', 'id': '33638', 'Sac Hits': '0', 'Sac Flies': '0', 'Hit by Pitch': '0', 'Bases on Defensive Interference': '0'}, {'name': 'Y. Cano', 'Team': 'Baltimore Orioles', 'Pitching Outs': 3, 'Hits Allowed': '0', 'Total Runs Allowed': '0', 'Runs Allowed': '0', 'Walks Allowed': '0', 'Strikeouts': '3', 'HR': '0', 'PC-ST': '17-11', 'ERA': '1.76', 'Stolen Bases': '0', 'Doubles': '0', 'Triples': '0', 'Home Runs': '0', 'id': '35536', 'Sac Hits': '0', 'Sac Flies': '0', 'Hit by Pitch': '0', 'Bases on Defensive Interference': '0'}], 'players': [{'name': 'A. Rutschman', 'Team': 'Baltimore Orioles', 'AB': '4', 'Runs': '2', 'Hits': '3', 'RBIs': '1', 'Home Runs': '0', 'Walks': '1', 'Strikeouts': '0', 'AVG': '.272', 'OBP': '.374', 'SLG': '.427', 'Hits+Runs+RBIS': '6', 'Stolen Bases': '0', 'Doubles': '0', 'Triples': '0', 'id': '42178', 'Sac Hits': '0', 'Sac Flies': '0', 'Hit by Pitch': '0', 'Bases on Defensive Interference': '0', 'Total Bases': '3', 'Singles': '3'}, {'name': 'G. Henderson', 'Team': 'Baltimore Orioles', 'AB': '5', 'Runs': '2', 'Hits': '2', 'RBIs': '1', 'Home Runs': '0', 'Walks': '0', 'Strikeouts': '1', 'AVG': '.241', 'OBP': '.332', 'SLG': '.463', 'Hits+Runs+RBIS': '5', 'Stolen Bases': '0', 'Doubles': '1', 'Triples': '0', 'id': '42507', 'Sac Hits': '0', 'Sac Flies': '0', 'Hit by Pitch': '0', 'Bases on Defensive Interference': '0', 'Total Bases': '3', 'Singles': '1'}, {'name': 'A. Santander', 'Team': 'Baltimore Orioles', 'AB': '4', 'Runs': '1', 'Hits': '1', 'RBIs': '1', 'Home Runs': '0', 'Walks': '1', 'Strikeouts': '1', 'AVG': '.256', 'OBP': '.328', 'SLG': '.470', 'Hits+Runs+RBIS': '3', 'Stolen Bases': '0', 'Doubles': '1', 'Triples': '0', 'id': '36084', 'Sac Hits': '0', 'Sac Flies': '0', 'Hit by Pitch': '0', 'Bases on Defensive Interference': '0', 'Total Bases': '2', 'Singles': '0'}, {'name': ""R. O'Hearn"", 'Team': 'Baltimore Orioles', 'AB': '5', 'Runs': '1', 'Hits': '2', 'RBIs': '3', 'Home Runs': '0', 'Walks': '0', 'Strikeouts': '2', 'AVG': '.304', 'OBP': '.345', 'SLG': '.525', 'Hits+Runs+RBIS': '6', 'Stolen Bases': '0', 'Doubles': '1', 'Triples': '0', 'id': '35183', 'Sac Hits': '0', 'Sac Flies': '0', 'Hit by Pitch': '0', 'Bases on Defensive Interference': '0', 'Total Bases': '3', 'Singles': '1'}, {'name': 'A. Hays', 'Team': 'Baltimore Orioles', 'AB': '3', 'Runs': '1', 'Hits': '0', 'RBIs': '0', 'Home Runs': '0', 'Walks': '1', 'Strikeouts': '1', 'AVG': '.287', 'OBP': '.328', 'SLG': '.449', 'Hits+Runs+RBIS': '1', 'Stolen Bases': '0', 'Doubles': '0', 'Triples': '0', 'id': '36928', 'Sac Hits': '0', 'Sac Flies': '0', 'Hit by Pitch': '0', 'Bases on Defensive Interference': '0', 'Total Bases': '0', 'Singles': '0'}, {'name': 'A. Frazier', 'Team': 'Baltimore Orioles', 'AB': '4', 'Runs': '1', 'Hits': '1', 'RBIs': '3', 'Home Runs': '1', 'Walks': '0', 'Strikeouts': '1', 'AVG': '.239', 'OBP': '.301', 'SLG': '.425', 'Hits+Runs+RBIS': '5', 'Stolen Bases': '0', 'Doubles': '0', 'Triples': '0', 'id': '33546', 'Sac Hits': '0', 'Sac Flies': '0', 'Hit by Pitch': '0', 'Bases on Defensive Interference': '0', 'Total Bases': '4', 'Singles': '0'}, {'name': 'R. Urias', 'Team': 'Baltimore Orioles', 'AB': '4', 'Runs': '0', 'Hits': '1', 'RBIs': '0', 'Home Runs': '0', 'Walks': '0', 'Strikeouts': '2', 'AVG': '.253', 'OBP': '.319', 'SLG': '.380', 'Hits+Runs+RBIS': '1', 'Stolen Bases': '0', 'Doubles': '0', 'Triples': '0', 'id': '40610', 'Sac Hits': '0', 'Sac Flies': '0', 'Hit by Pitch': '0', 'Bases on Defensive Interference': '0', 'Total Bases': '1', 'Singles': '1'}, {'name': 'J. Westburg', 'Team': 'Baltimore Orioles', 'AB': '3', 'Runs': '1', 'Hits': '1', 'RBIs': '0', 'Home Runs': '0', 'Walks': '0', 'Strikeouts': '1', 'AVG': '.253', 'OBP': '.309', 'SLG': '.413', 'Hits+Runs+RBIS': '2', 'Stolen Bases': '1', 'Doubles': '0', 'Triples': '0', 'id': '4298641', 'Sac Hits': '0', 'Sac Flies': '0', 'Hit by Pitch': '0', 'Bases on Defensive Interference': '0', 'Total Bases': '1', 'Singles': '1'}, {'name': 'R. McKenna', 'Team': 'Baltimore Orioles', 'AB': '1', 'Runs': '0', 'Hits': '1', 'RBIs': '0', 'Home Runs': '0', 'Walks': '0', 'Strikeouts': '0', 'AVG': '.268', 'OBP': '.326', 'SLG': '.402', 'Hits+Runs+RBIS': '1', 'Stolen Bases': '0', 'Doubles': '0', 'Triples': '0', 'id': '39147', 'Sac Hits': '0', 'Sac Flies': '0', 'Hit by Pitch': '0', 'Bases on Defensive Interference': '0', 'Total Bases': '1', 'Singles': '1'}, {'name': 'J. McCann', 'Team': 'Baltimore Orioles', 'AB': '3', 'Runs': '0', 'Hits': '0', 'RBIs': '0', 'Home Runs': '0', 'Walks': '0', 'Strikeouts': '3', 'AVG': '.195', 'OBP': '.231', 'SLG': '.333', 'Hits+Runs+RBIS': '0', 'Stolen Bases': '1', 'Doubles': '0', 'Triples': '0', 'id': '32046', 'Sac Hits': '0', 'Sac Flies': '0', 'Hit by Pitch': '1', 'Bases on Defensive Interference': '0', 'Total Bases': '0', 'Singles': '0'}, {'name': 'D. Kremer', 'Team': 'Baltimore Orioles', 'Pitching Outs': 12, 'Hits Allowed': '7', 'Total Runs Allowed': '3', 'Runs Allowed': '3', 'Walks Allowed': '2', 'Strikeouts': '7', 'HR': '1', 'PC-ST': '90-59', 'ERA': '4.66', 'Stolen Bases': '0', 'Doubles': '0', 'Triples': '0', 'Home Runs': '0', 'id': '38295', 'Sac Hits': '0', 'Sac Flies': '0', 'Hit by Pitch': '0', 'Bases on Defensive Interference': '0'}, {'name': 'M. Baumann', 'Team': 'Baltimore Orioles', 'Pitching Outs': 3, 'Hits Allowed': '1', 'Total Runs Allowed': '0', 'Runs Allowed': '0', 'Walks Allowed': '0', 'Strikeouts': '1', 'HR': '0', 'PC-ST': '19-12', 'ERA': '3.48', 'Extra': 'W, 8-0', 'Stolen Bases': '0', 'Doubles': '0', 'Triples': '0', 'Home Runs': '0', 'id': '40543', 'Sac Hits': '0', 'Sac Flies': '0', 'Hit by Pitch': '0', 'Bases on Defensive Interference': '0'}, {'name': 'S. Fujinami', 'Team': 'Baltimore Orioles', 'Pitching Outs': 6, 'Hits Allowed': '1', 'Total Runs Allowed': '0', 'Runs Allowed': '0', 'Walks Allowed': '1', 'Strikeouts': '4', 'HR': '0', 'PC-ST': '38-23', 'ERA': '8.08', 'Stolen Bases': '0', 'Doubles': '0', 'Triples': '0', 'Home Runs': '0', 'id': '4142398', 'Sac Hits': '0', 'Sac Flies': '0', 'Hit by Pitch': '0', 'Bases on Defensive Interference': '0'}, {'name': 'D. Coulombe', 'Team': 'Baltimore Orioles', 'Pitching Outs': 3, 'Hits Allowed': '0', 'Total Runs Allowed': '0', 'Runs Allowed': '0', 'Walks Allowed': '0', 'Strikeouts': '3', 'HR': '0', 'PC-ST': '14-10', 'ERA': '3.00', 'Stolen Bases': '0', 'Doubles': '0', 'Triples': '0', 'Home Runs': '0', 'id': '33638', 'Sac Hits': '0', 'Sac Flies': '0', 'Hit by Pitch': '0', 'Bases on Defensive Interference': '0'}, {'name': 'Y. Cano', 'Team': 'Baltimore Orioles', 'Pitching Outs': 3, 'Hits Allowed': '0', 'Total Runs Allowed': '0', 'Runs Allowed': '0', 'Walks Allowed': '0', 'Strikeouts': '3', 'HR': '0', 'PC-ST': '17-11', 'ERA': '1.76', 'Stolen Bases': '0', 'Doubles': '0', 'Triples': '0', 'Home Runs': '0', 'id': '35536', 'Sac Hits': '0', 'Sac Flies': '0', 'Hit by Pitch': '0', 'Bases on Defensive Interference': '0'}]}","{'awayShort': 'NYY', 'awayTeam': 'New York Yankees', 'awayHitters': [{'name': 'J. Bauers', 'Team': 'New York Yankees', 'AB': '5', 'Runs': '1', 'Hits': '2', 'RBIs': '2', 'Home Runs': '1', 'Walks': '0', 'Strikeouts': '3', 'AVG': '.230', 'OBP': '.314', 'SLG': '.480', 'Hits+Runs+RBIS': '5', 'Stolen Bases': '0', 'Doubles': '1', 'Triples': '0', 'id': '35013', 'Sac Hits': '0', 'Sac Flies': '0', 'Hit by Pitch': '0', 'Bases on Defensive Interference': '0', 'Total Bases': '6', 'Singles': '0'}, {'name': 'G. Torres', 'Team': 'New York Yankees', 'AB': '5', 'Runs': '0', 'Hits': '1', 'RBIs': '0', 'Home Runs': '0', 'Walks': '0', 'Strikeouts': '1', 'AVG': '.258', 'OBP': '.322', 'SLG': '.426', 'Hits+Runs+RBIS': '1', 'Stolen Bases': '0', 'Doubles': '1', 'Triples': '0', 'id': '33804', 'Sac Hits': '0', 'Sac Flies': '0', 'Hit by Pitch': '0', 'Bases on Defensive Interference': '0', 'Total Bases': '2', 'Singles': '0'}, {'name': 'G. Stanton', 'Team': 'New York Yankees', 'AB': '4', 'Runs': '1', 'Hits': '1', 'RBIs': '0', 'Home Runs': '0', 'Walks': '1', 'Strikeouts': '3', 'AVG': '.202', 'OBP': '.279', 'SLG': '.443', 'Hits+Runs+RBIS': '2', 'Stolen Bases': '0', 'Doubles': '0', 'Triples': '0', 'id': '30583', 'Sac Hits': '0', 'Sac Flies': '0', 'Hit by Pitch': '0', 'Bases on Defensive Interference': '0', 'Total Bases': '1', 'Singles': '1'}, {'name': 'A. Rizzo', 'Team': 'New York Yankees', 'AB': '5', 'Runs': '0', 'Hits': '0', 'RBIs': '0', 'Home Runs': '0', 'Walks': '0', 'Strikeouts': '5', 'AVG': '.244', 'OBP': '.329', 'SLG': '.381', 'Hits+Runs+RBIS': '0', 'Stolen Bases': '0', 'Doubles': '0', 'Triples': '0', 'id': '30782', 'Sac Hits': '0', 'Sac Flies': '0', 'Hit by Pitch': '0', 'Bases on Defensive Interference': '0', 'Total Bases': '0', 'Singles': '0'}, {'name': 'I. Kiner-Falefa', 'Team': 'New York Yankees', 'AB': '4', 'Runs': '0', 'Hits': '1', 'RBIs': '0', 'Home Runs': '0', 'Walks': '0', 'Strikeouts': '2', 'AVG': '.257', 'OBP': '.322', 'SLG': '.374', 'Hits+Runs+RBIS': '1', 'Stolen Bases': '0', 'Doubles': '0', 'Triples': '0', 'id': '33572', 'Sac Hits': '0', 'Sac Flies': '0', 'Hit by Pitch': '0', 'Bases on Defensive Interference': '0', 'Total Bases': '1', 'Singles': '1'}, {'name': 'H. Bader', 'Team': 'New York Yankees', 'AB': '3', 'Runs': '1', 'Hits': '2', 'RBIs': '1', 'Home Runs': '0', 'Walks': '0', 'Strikeouts': '0', 'AVG': '.260', 'OBP': '.287', 'SLG': '.423', 'Hits+Runs+RBIS': '4', 'Stolen Bases': '0', 'Doubles': '0', 'Triples': '0', 'id': '35062', 'Sac Hits': '0', 'Sac Flies': '1', 'Hit by Pitch': '0', 'Bases on Defensive Interference': '0', 'Total Bases': '2', 'Singles': '2'}, {'name': 'G. Allen', 'Team': 'New York Yankees', 'AB': '3', 'Runs': '0', 'Hits': '0', 'RBIs': '0', 'Home Runs': '0', 'Walks': '1', 'Strikeouts': '1', 'AVG': '.167', 'OBP': '.286', 'SLG': '.444', 'Hits+Runs+RBIS': '0', 'Stolen Bases': '0', 'Doubles': '0', 'Triples': '0', 'id': '34187', 'Sac Hits': '0', 'Sac Flies': '0', 'Hit by Pitch': '0', 'Bases on Defensive Interference': '0', 'Total Bases': '0', 'Singles': '0'}, {'name': 'A. Volpe', 'Team': 'New York Yankees', 'AB': '3', 'Runs': '0', 'Hits': '1', 'RBIs': '0', 'Home Runs': '0', 'Walks': '1', 'Strikeouts': '1', 'AVG': '.209', 'OBP': '.285', 'SLG': '.374', 'Hits+Runs+RBIS': '1', 'Stolen Bases': '0', 'Doubles': '1', 'Triples': '0', 'id': '42547', 'Sac Hits': '0', 'Sac Flies': '0', 'Hit by Pitch': '0', 'Bases on Defensive Interference': '0', 'Total Bases': '2', 'Singles': '0'}, {'name': 'K. Higashioka', 'Team': 'New York Yankees', 'AB': '4', 'Runs': '0', 'Hits': '1', 'RBIs': '0', 'Home Runs': '0', 'Walks': '0', 'Strikeouts': '2', 'AVG': '.229', 'OBP': '.264', 'SLG': '.382', 'Hits+Runs+RBIS': '1', 'Stolen Bases': '0', 'Doubles': '0', 'Triples': '0', 'id': '30545', 'Sac Hits': '0', 'Sac Flies': '0', 'Hit by Pitch': '0', 'Bases on Defensive Interference': '0', 'Total Bases': '1', 'Singles': '1'}], 'awayPitchers': [{'name': 'L. Severino', 'Team': 'New York Yankees', 'Pitching Outs': 10, 'Hits Allowed': '10', 'Total Runs Allowed': '9', 'Runs Allowed': '9', 'Walks Allowed': '2', 'Strikeouts': '5', 'HR': '1', 'PC-ST': '80-54', 'ERA': '7.49', 'Extra': 'L, 2-5', 'Stolen Bases': '0', 'Doubles': '0', 'Triples': '0', 'Home Runs': '0', 'id': '33263', 'Sac Hits': '0', 'Sac Flies': '0', 'Hit by Pitch': '0', 'Bases on Defensive Interference': '0'}, {'name': 'R. Marinaccio', 'Team': 'New York Yankees', 'Pitching Outs': 8, 'Hits Allowed': '0', 'Total Runs Allowed': '0', 'Runs Allowed': '0', 'Walks Allowed': '0', 'Strikeouts': '4', 'HR': '0', 'PC-ST': '36-22', 'ERA': '4.08', 'Stolen Bases': '0', 'Doubles': '0', 'Triples': '0', 'Home Runs': '0', 'id': '4228723', 'Sac Hits': '0', 'Sac Flies': '0', 'Hit by Pitch': '0', 'Bases on Defensive Interference': '0'}, {'name': 'A. Abreu', 'Team': 'New York Yankees', 'Pitching Outs': 6, 'Hits Allowed': '2', 'Total Runs Allowed': '0', 'Runs Allowed': '0', 'Walks Allowed': '1', 'Strikeouts': '3', 'HR': '0', 'PC-ST': '34-20', 'ERA': '3.89', 'Stolen Bases': '0', 'Doubles': '0', 'Triples': '0', 'Home Runs': '0', 'id': '36041', 'Sac Hits': '0', 'Sac Flies': '0', 'Hit by Pitch': '0', 'Bases on Defensive Interference': '0'}], 'players': [{'name': 'J. Bauers', 'Team': 'New York Yankees', 'AB': '5', 'Runs': '1', 'Hits': '2', 'RBIs': '2', 'Home Runs': '1', 'Walks': '0', 'Strikeouts': '3', 'AVG': '.230', 'OBP': '.314', 'SLG': '.480', 'Hits+Runs+RBIS': '5', 'Stolen Bases': '0', 'Doubles': '1', 'Triples': '0', 'id': '35013', 'Sac Hits': '0', 'Sac Flies': '0', 'Hit by Pitch': '0', 'Bases on Defensive Interference': '0', 'Total Bases': '6', 'Singles': '0'}, {'name': 'G. Torres', 'Team': 'New York Yankees', 'AB': '5', 'Runs': '0', 'Hits': '1', 'RBIs': '0', 'Home Runs': '0', 'Walks': '0', 'Strikeouts': '1', 'AVG': '.258', 'OBP': '.322', 'SLG': '.426', 'Hits+Runs+RBIS': '1', 'Stolen Bases': '0', 'Doubles': '1', 'Triples': '0', 'id': '33804', 'Sac Hits': '0', 'Sac Flies': '0', 'Hit by Pitch': '0', 'Bases on Defensive Interference': '0', 'Total Bases': '2', 'Singles': '0'}, {'name': 'G. Stanton', 'Team': 'New York Yankees', 'AB': '4', 'Runs': '1', 'Hits': '1', 'RBIs': '0', 'Home Runs': '0', 'Walks': '1', 'Strikeouts': '3', 'AVG': '.202', 'OBP': '.279', 'SLG': '.443', 'Hits+Runs+RBIS': '2', 'Stolen Bases': '0', 'Doubles': '0', 'Triples': '0', 'id': '30583', 'Sac Hits': '0', 'Sac Flies': '0', 'Hit by Pitch': '0', 'Bases on Defensive Interference': '0', 'Total Bases': '1', 'Singles': '1'}, {'name': 'A. Rizzo', 'Team': 'New York Yankees', 'AB': '5', 'Runs': '0', 'Hits': '0', 'RBIs': '0', 'Home Runs': '0', 'Walks': '0', 'Strikeouts': '5', 'AVG': '.244', 'OBP': '.329', 'SLG': '.381', 'Hits+Runs+RBIS': '0', 'Stolen Bases': '0', 'Doubles': '0', 'Triples': '0', 'id': '30782', 'Sac Hits': '0', 'Sac Flies': '0', 'Hit by Pitch': '0', 'Bases on Defensive Interference': '0', 'Total Bases': '0', 'Singles': '0'}, {'name': 'I. Kiner-Falefa', 'Team': 'New York Yankees', 'AB': '4', 'Runs': '0', 'Hits': '1', 'RBIs': '0', 'Home Runs': '0', 'Walks': '0', 'Strikeouts': '2', 'AVG': '.257', 'OBP': '.322', 'SLG': '.374', 'Hits+Runs+RBIS': '1', 'Stolen Bases': '0', 'Doubles': '0', 'Triples': '0', 'id': '33572', 'Sac Hits': '0', 'Sac Flies': '0', 'Hit by Pitch': '0', 'Bases on Defensive Interference': '0', 'Total Bases': '1', 'Singles': '1'}, {'name': 'H. Bader', 'Team': 'New York Yankees', 'AB': '3', 'Runs': '1', 'Hits': '2', 'RBIs': '1', 'Home Runs': '0', 'Walks': '0', 'Strikeouts': '0', 'AVG': '.260', 'OBP': '.287', 'SLG': '.423', 'Hits+Runs+RBIS': '4', 'Stolen Bases': '0', 'Doubles': '0', 'Triples': '0', 'id': '35062', 'Sac Hits': '0', 'Sac Flies': '1', 'Hit by Pitch': '0', 'Bases on Defensive Interference': '0', 'Total Bases': '2', 'Singles': '2'}, {'name': 'G. Allen', 'Team': 'New York Yankees', 'AB': '3', 'Runs': '0', 'Hits': '0', 'RBIs': '0', 'Home Runs': '0', 'Walks': '1', 'Strikeouts': '1', 'AVG': '.167', 'OBP': '.286', 'SLG': '.444', 'Hits+Runs+RBIS': '0', 'Stolen Bases': '0', 'Doubles': '0', 'Triples': '0', 'id': '34187', 'Sac Hits': '0', 'Sac Flies': '0', 'Hit by Pitch': '0', 'Bases on Defensive Interference': '0', 'Total Bases': '0', 'Singles': '0'}, {'name': 'A. Volpe', 'Team': 'New York Yankees', 'AB': '3', 'Runs': '0', 'Hits': '1', 'RBIs': '0', 'Home Runs': '0', 'Walks': '1', 'Strikeouts': '1', 'AVG': '.209', 'OBP': '.285', 'SLG': '.374', 'Hits+Runs+RBIS': '1', 'Stolen Bases': '0', 'Doubles': '1', 'Triples': '0', 'id': '42547', 'Sac Hits': '0', 'Sac Flies': '0', 'Hit by Pitch': '0', 'Bases on Defensive Interference': '0', 'Total Bases': '2', 'Singles': '0'}, {'name': 'K. Higashioka', 'Team': 'New York Yankees', 'AB': '4', 'Runs': '0', 'Hits': '1', 'RBIs': '0', 'Home Runs': '0', 'Walks': '0', 'Strikeouts': '2', 'AVG': '.229', 'OBP': '.264', 'SLG': '.382', 'Hits+Runs+RBIS': '1', 'Stolen Bases': '0', 'Doubles': '0', 'Triples': '0', 'id': '30545', 'Sac Hits': '0', 'Sac Flies': '0', 'Hit by Pitch': '0', 'Bases on Defensive Interference': '0', 'Total Bases': '1', 'Singles': '1'}, {'name': 'L. Severino', 'Team': 'New York Yankees', 'Pitching Outs': 10, 'Hits Allowed': '10', 'Total Runs Allowed': '9', 'Runs Allowed': '9', 'Walks Allowed': '2', 'Strikeouts': '5', 'HR': '1', 'PC-ST': '80-54', 'ERA': '7.49', 'Extra': 'L, 2-5', 'Stolen Bases': '0', 'Doubles': '0', 'Triples': '0', 'Home Runs': '0', 'id': '33263', 'Sac Hits': '0', 'Sac Flies': '0', 'Hit by Pitch': '0', 'Bases on Defensive Interference': '0'}, {'name': 'R. Marinaccio', 'Team': 'New York Yankees', 'Pitching Outs': 8, 'Hits Allowed': '0', 'Total Runs Allowed': '0', 'Runs Allowed': '0', 'Walks Allowed': '0', 'Strikeouts': '4', 'HR': '0', 'PC-ST': '36-22', 'ERA': '4.08', 'Stolen Bases': '0', 'Doubles': '0', 'Triples': '0', 'Home Runs': '0', 'id': '4228723', 'Sac Hits': '0', 'Sac Flies': '0', 'Hit by Pitch': '0', 'Bases on Defensive Interference': '0'}, {'name': 'A. Abreu', 'Team': 'New York Yankees', 'Pitching Outs': 6, 'Hits Allowed': '2', 'Total Runs Allowed': '0', 'Runs Allowed': '0', 'Walks Allowed': '1', 'Strikeouts': '3', 'HR': '0', 'PC-ST': '34-20', 'ERA': '3.89', 'Stolen Bases': '0', 'Doubles': '0', 'Triples': '0', 'Home Runs': '0', 'id': '36041', 'Sac Hits': '0', 'Sac Flies': '0', 'Hit by Pitch': '0', 'Bases on Defensive Interference': '0'}]}","{'Away': ['0', '0', '1', '1', '1', '0', '0', '0', '0', '3', 9, 0], 'Home': ['7', '0', '0', '2', '0', '0', '0', '0', '-', '9', 12, 1], 'Labels': [1, 2, 3, 4, 5, 6, 7, 8, 9, 'Runs', 'Home Runs', 'Errors']}",False,mlb,20230730
